36 84 6648
####################################################################################
#                                                                                  #
#                                                                                  #
#                                                                                  #
#                                                                                  #
#                                                                                  #
#                                          .                                       #
#..............#            #            ......                                    #
#..............#            #          ..........                                  #
#..............#            #         .............                                #
#..............#            #         . .       ...                                #
#..............#            #          .                                           #
#..............#            #                                    .                 #
#..............#            #                                        . .           #
#..............#............#                                     .....            #
#..............#............#                                                      #
#..............#............#                                                      #
#..............#............#                                                      #
#..............#............#                                                      #
#..............#............#                                                      #
#..............#............#                                                      #
#..............#............#                                                      #
#..............#............################                     #                 #
#...........................#....................................#                 #
#...........................#....................................#                 #
#...........................#....................................#                 #
##################################################################                 #
#                                                                                  #
#                                                                                  #
#                                                                                  #
#                                                                                  #
#                                                                                  #
#                                                                                  #
#                                                                                  #
#                                                                                  #
####################################################################################
0 0 0 0 0 0 0 0 0 0 0 0 0 0 0 0 0 0 0 0 0 0 0 0 0 0 0 0 0 0 0 0 0 0 0 0 0 0 0 0 0 0 0 0 0 0 0 0 0 0 0 0 0 0 0 0 0 0 0 0 0 0 0 0 0 0 0 0 0 0 0 0 0 0 0 0 0 0 0 0 0 0 0 0 
0 6648 6648 6648 6648 6648 6648 6648 6648 6648 6648 6648 6648 6648 6648 6648 6648 6648 6648 6648 6648 6648 6648 6648 6648 6648 6648 6648 6648 6648 6648 6648 6648 6648 6648 6648 6648 6648 6648 6648 6648 6648 6648 6648 6648 6648 6648 6648 6648 6648 6648 6648 6648 6648 6648 6648 6648 6648 6648 6648 6648 6648 6648 6648 6648 6648 6648 6648 6648 6648 6648 6648 6648 6648 6648 6648 6648 6648 6648 6648 6648 6648 6648 0 
0 6648 6648 6648 6648 6648 6648 6648 6648 6648 6648 6648 6648 6648 6648 6648 6648 6648 6648 6648 6648 6648 6648 6648 6648 6648 6648 6648 6648 6648 6648 6648 6648 6648 6648 6648 6648 6648 6648 6648 6648 6648 6648 6648 6648 6648 6648 6648 6648 6648 6648 6648 6648 6648 6648 6648 6648 6648 6648 6648 6648 6648 6648 6648 6648 6648 6648 6648 6648 6648 6648 6648 6648 6648 6648 6648 6648 6648 6648 6648 6648 6648 6648 0 
0 6648 6648 6648 6648 6648 6648 6648 6648 6648 6648 6648 6648 6648 6648 6648 6648 6648 6648 6648 6648 6648 6648 6648 6648 6648 6648 6648 6648 6648 6648 6648 6648 6648 6648 6648 6648 6648 6648 6648 6648 6648 6648 6648 6648 6648 6648 6648 6648 6648 6648 6648 6648 6648 6648 6648 6648 6648 6648 6648 6648 6648 6648 6648 6648 6648 6648 6648 6648 6648 6648 6648 6648 6648 6648 6648 6648 6648 6648 6648 6648 6648 6648 0 
0 6648 6648 6648 6648 6648 6648 6648 6648 6648 6648 6648 6648 6648 6648 6648 6648 6648 6648 6648 6648 6648 6648 6648 6648 6648 6648 6648 6648 6648 6648 6648 6648 6648 6648 6648 6648 6648 6648 6648 6648 6648 6648 6648 6648 6648 6648 6648 6648 6648 6648 6648 6648 6648 6648 6648 6648 6648 6648 6648 6648 6648 6648 6648 6648 6648 6648 6648 6648 6648 6648 6648 6648 6648 6648 6648 6648 6648 6648 6648 6648 6648 6648 0 
0 6648 6648 6648 6648 6648 6648 6648 6648 6648 6648 6648 6648 6648 6648 6648 6648 6648 6648 6648 6648 6648 6648 6648 6648 6648 6648 6648 6648 6648 6648 6648 6648 6648 6648 6648 6648 6648 6648 6648 6648 6648 6648 6648 6648 6648 6648 6648 6648 6648 6648 6648 6648 6648 6648 6648 6648 6648 6648 6648 6648 6648 6648 6648 6648 6648 6648 6648 6648 6648 6648 6648 6648 6648 6648 6648 6648 6648 6648 6648 6648 6648 6648 0 
0 6648 6648 6648 6648 6648 6648 6648 6648 6648 6648 6648 6648 6648 6648 6648 6648 6648 6648 6648 6648 6648 6648 6648 6648 6648 6648 6648 6648 6648 6648 6648 6648 6648 6648 6648 6648 6648 6648 6648 6648 6648 6648 6648 6648 6648 6648 6648 6648 6648 6648 6648 6648 6648 6648 6648 6648 6648 6648 6648 6648 6648 6648 6648 6648 6648 6648 6648 6648 6648 6648 6648 6648 6648 6648 6648 6648 6648 6648 6648 6648 6648 6648 0 
0 6648 6648 6648 6648 6648 6648 6648 6648 6648 6648 6648 6648 6648 6648 0 6648 6648 6648 6648 6648 6648 6648 6648 6648 6648 6648 6648 0 6648 6648 6648 6648 6648 6648 6648 6648 6648 6648 6648 6648 6648 6648 6648 6648 6648 6648 6648 6648 6648 6648 6648 6648 6648 6648 6648 6648 6648 6648 6648 6648 6648 6648 6648 6648 6648 6648 6648 6648 6648 6648 6648 6648 6648 6648 6648 6648 6648 6648 6648 6648 6648 6648 0 
0 6648 6648 6648 6648 6648 6648 6648 6648 6648 6648 6648 6648 6648 6648 0 6648 6648 6648 6648 6648 6648 6648 6648 6648 6648 6648 6648 0 6648 6648 6648 6648 6648 6648 6648 6648 6648 6648 6648 6648 6648 6648 6648 6648 6648 6648 6648 6648 6648 6648 6648 6648 6648 6648 6648 6648 6648 6648 6648 6648 6648 6648 6648 6648 6648 6648 6648 6648 6648 6648 6648 6648 6648 6648 6648 6648 6648 6648 6648 6648 6648 6648 0 
0 6648 6648 6648 6648 6648 6648 6648 6648 6648 6648 6648 6648 6648 6648 0 6648 6648 6648 6648 6648 6648 6648 6648 6648 6648 6648 6648 0 6648 6648 6648 6648 6648 6648 6648 6648 6648 6648 6648 6648 6648 6648 6648 6648 6648 6648 6648 6648 6648 6648 6648 6648 6648 6648 6648 6648 6648 6648 6648 6648 6648 6648 6648 6648 6648 6648 6648 6648 6648 6648 6648 6648 6648 6648 6648 6648 6648 6648 6648 6648 6648 6648 0 
0 6648 6648 6648 6648 6648 6648 6648 6648 6648 6648 6648 6648 6648 6648 0 6648 6648 6648 6648 6648 6648 6648 6648 6648 6648 6648 6648 0 6648 6648 6648 6648 6648 6648 6648 6648 6648 6648 6648 6648 6648 6648 6648 6648 6648 6648 6648 6648 6648 6648 6648 6648 6648 6648 6648 6648 6648 6648 6648 6648 6648 6648 6648 6648 6648 6648 6648 6648 6648 6648 6648 6648 6648 6648 6648 6648 6648 6648 6648 6648 6648 6648 0 
0 6648 6648 6648 6648 6648 6648 6648 6648 6648 6648 6648 6648 6648 6648 0 6648 6648 6648 6648 6648 6648 6648 6648 6648 6648 6648 6648 0 6648 6648 6648 6648 6648 6648 6648 6648 6648 6648 6648 6648 6648 6648 6648 6648 6648 6648 6648 6648 6648 6648 6648 6648 6648 6648 6648 6648 6648 6648 6648 6648 6648 6648 6648 6648 6648 6648 6648 6648 6648 6648 6648 6648 6648 6648 6648 6648 6648 6648 6648 6648 6648 6648 0 
0 6648 6648 6648 6648 6648 6648 6648 6648 6648 6648 6648 6648 6648 6648 0 6648 6648 6648 6648 6648 6648 6648 6648 6648 6648 6648 6648 0 6648 6648 6648 6648 6648 6648 6648 6648 6648 6648 6648 6648 6648 6648 6648 6648 6648 6648 6648 6648 6648 6648 6648 6648 6648 6648 6648 6648 6648 6648 6648 6648 6648 6648 6648 6648 6648 6648 6648 6648 6648 6648 6648 6648 6648 6648 6648 6648 6648 6648 6648 6648 6648 6648 0 
0 6648 6648 6648 6648 6648 6648 6648 6648 6648 6648 6648 6648 6648 6648 0 6648 6648 6648 6648 6648 6648 6648 6648 6648 6648 6648 6648 0 6648 6648 6648 6648 6648 6648 6648 6648 6648 6648 6648 6648 6648 6648 6648 6648 6648 6648 6648 6648 6648 6648 6648 6648 6648 6648 6648 6648 6648 6648 6648 6648 6648 6648 6648 6648 6648 6648 6648 6648 6648 6648 6648 6648 6648 6648 6648 6648 6648 6648 6648 6648 6648 6648 0 
0 6648 6648 6648 6648 6648 6648 6648 6648 6648 6648 6648 6648 6648 6648 0 6648 6648 6648 6648 6648 6648 6648 6648 6648 6648 6648 6648 0 6648 6648 6648 6648 6648 6648 6648 6648 6648 6648 6648 6648 6648 6648 6648 6648 6648 6648 6648 6648 6648 6648 6648 6648 6648 6648 6648 6648 6648 6648 6648 6648 6648 6648 6648 6648 6648 6648 6648 6648 6648 6648 6648 6648 6648 6648 6648 6648 6648 6648 6648 6648 6648 6648 0 
0 6648 6648 6648 6648 6648 6648 6648 6648 6648 6648 6648 6648 6648 6648 0 6648 6648 6648 6648 6648 6648 6648 6648 6648 6648 6648 6648 0 6648 6648 6648 6648 6648 6648 6648 6648 6648 6648 6648 6648 6648 6648 6648 6648 6648 6648 6648 6648 6648 6648 6648 6648 6648 6648 6648 6648 6648 6648 6648 6648 6648 6648 6648 6648 6648 6648 6648 6648 6648 6648 6648 6648 6648 6648 6648 6648 6648 6648 6648 6648 6648 6648 0 
0 6648 6648 6648 6648 6648 6648 6648 6648 6648 6648 6648 6648 6648 6648 0 6648 6648 6648 6648 6648 6648 6648 6648 6648 6648 6648 6648 0 6648 6648 6648 6648 6648 6648 6648 6648 6648 6648 6648 6648 6648 6648 6648 6648 6648 6648 6648 6648 6648 6648 6648 6648 6648 6648 6648 6648 6648 6648 6648 6648 6648 6648 6648 6648 6648 6648 6648 6648 6648 6648 6648 6648 6648 6648 6648 6648 6648 6648 6648 6648 6648 6648 0 
0 6648 6648 6648 6648 6648 6648 6648 6648 6648 6648 6648 6648 6648 6648 0 6648 6648 6648 6648 6648 6648 6648 6648 6648 6648 6648 6648 0 6648 6648 6648 6648 6648 6648 6648 6648 6648 6648 6648 6648 6648 6648 6648 6648 6648 6648 6648 6648 6648 6648 6648 6648 6648 6648 6648 6648 6648 6648 6648 6648 6648 6648 6648 6648 6648 6648 6648 6648 6648 6648 6648 6648 6648 6648 6648 6648 6648 6648 6648 6648 6648 6648 0 
0 6648 6648 6648 6648 6648 6648 6648 6648 6648 6648 6648 6648 6648 6648 0 6648 6648 6648 6648 6648 6648 6648 6648 6648 6648 6648 6648 0 6648 6648 6648 6648 6648 6648 6648 6648 6648 6648 6648 6648 6648 6648 6648 6648 6648 6648 6648 6648 6648 6648 6648 6648 6648 6648 6648 6648 6648 6648 6648 6648 6648 6648 6648 6648 6648 6648 6648 6648 6648 6648 6648 6648 6648 6648 6648 6648 6648 6648 6648 6648 6648 6648 0 
0 6648 6648 6648 6648 6648 6648 6648 6648 6648 6648 6648 6648 6648 6648 0 6648 6648 6648 6648 6648 6648 6648 6648 6648 6648 6648 6648 0 6648 6648 6648 6648 6648 6648 6648 6648 6648 6648 6648 6648 6648 6648 6648 6648 6648 6648 6648 6648 6648 6648 6648 6648 6648 6648 6648 6648 6648 6648 6648 6648 6648 6648 6648 6648 6648 6648 6648 6648 6648 6648 6648 6648 6648 6648 6648 6648 6648 6648 6648 6648 6648 6648 0 
0 6648 6648 6648 6648 6648 6648 6648 6648 6648 6648 6648 6648 6648 6648 0 6648 6648 6648 6648 6648 6648 6648 6648 6648 6648 6648 6648 0 6648 6648 6648 6648 6648 6648 6648 6648 6648 6648 6648 6648 6648 6648 6648 6648 6648 6648 6648 6648 6648 6648 6648 6648 6648 6648 6648 6648 6648 6648 6648 6648 6648 6648 6648 6648 6648 6648 6648 6648 6648 6648 6648 6648 6648 6648 6648 6648 6648 6648 6648 6648 6648 6648 0 
0 6648 6648 6648 6648 6648 6648 6648 6648 6648 6648 6648 6648 6648 6648 0 6648 6648 6648 6648 6648 6648 6648 6648 6648 6648 6648 6648 0 6648 6648 6648 6648 6648 6648 6648 6648 6648 6648 6648 6648 6648 6648 6648 6648 6648 6648 6648 6648 6648 6648 6648 6648 6648 6648 6648 6648 6648 6648 6648 6648 6648 6648 6648 6648 6648 6648 6648 6648 6648 6648 6648 6648 6648 6648 6648 6648 6648 6648 6648 6648 6648 6648 0 
0 6648 6648 6648 6648 6648 6648 6648 6648 6648 6648 6648 6648 6648 6648 0 6648 6648 6648 6648 6648 6648 6648 6648 6648 6648 6648 6648 0 0 0 0 0 0 0 0 0 0 0 0 0 0 0 0 6648 6648 6648 6648 6648 6648 6648 6648 6648 6648 6648 6648 6648 6648 6648 6648 6648 6648 6648 6648 6648 0 6648 6648 6648 6648 6648 6648 6648 6648 6648 6648 6648 6648 6648 6648 6648 6648 6648 0 
0 6648 6648 6648 6648 6648 6648 6648 6648 6648 6648 6648 6648 6648 6648 6648 6648 6648 6648 6648 6648 6648 6648 6648 6648 6648 6648 6648 0 6648 6648 6648 6648 6648 6648 6648 6648 6648 6648 6648 6648 6648 6648 6648 6648 6648 6648 6648 6648 6648 6648 6648 6648 6648 6648 6648 6648 6648 6648 6648 6648 6648 6648 6648 6648 0 6648 6648 6648 6648 6648 6648 6648 6648 6648 6648 6648 6648 6648 6648 6648 6648 6648 0 
0 6648 6648 6648 6648 6648 6648 6648 6648 6648 6648 6648 6648 6648 6648 6648 6648 6648 6648 6648 6648 6648 6648 6648 6648 6648 6648 6648 0 6648 6648 6648 6648 6648 6648 6648 6648 6648 6648 6648 6648 6648 6648 6648 6648 6648 6648 6648 6648 6648 6648 6648 6648 6648 6648 6648 6648 6648 6648 6648 6648 6648 6648 6648 6648 0 6648 6648 6648 6648 6648 6648 6648 6648 6648 6648 6648 6648 6648 6648 6648 6648 6648 0 
0 6648 6648 6648 6648 6648 6648 6648 6648 6648 6648 6648 6648 6648 6648 6648 6648 6648 6648 6648 6648 6648 6648 6648 6648 6648 6648 6648 0 6648 6648 6648 6648 6648 6648 6648 6648 6648 6648 6648 6648 6648 6648 6648 6648 6648 6648 6648 6648 6648 6648 6648 6648 6648 6648 6648 6648 6648 6648 6648 6648 6648 6648 6648 6648 0 6648 6648 6648 6648 6648 6648 6648 6648 6648 6648 6648 6648 6648 6648 6648 6648 6648 0 
0 0 0 0 0 0 0 0 0 0 0 0 0 0 0 0 0 0 0 0 0 0 0 0 0 0 0 0 0 0 0 0 0 0 0 0 0 0 0 0 0 0 0 0 0 0 0 0 0 0 0 0 0 0 0 0 0 0 0 0 0 0 0 0 0 0 6648 6648 6648 6648 6648 6648 6648 6648 6648 6648 6648 6648 6648 6648 6648 6648 6648 0 
0 6648 6648 6648 6648 6648 6648 6648 6648 6648 6648 6648 6648 6648 6648 6648 6648 6648 6648 6648 6648 6648 6648 6648 6648 6648 6648 6648 6648 6648 6648 6648 6648 6648 6648 6648 6648 6648 6648 6648 6648 6648 6648 6648 6648 6648 6648 6648 6648 6648 6648 6648 6648 6648 6648 6648 6648 6648 6648 6648 6648 6648 6648 6648 6648 6648 6648 6648 6648 6648 6648 6648 6648 6648 6648 6648 6648 6648 6648 6648 6648 6648 6648 0 
0 6648 6648 6648 6648 6648 6648 6648 6648 6648 6648 6648 6648 6648 6648 6648 6648 6648 6648 6648 6648 6648 6648 6648 6648 6648 6648 6648 6648 6648 6648 6648 6648 6648 6648 6648 6648 6648 6648 6648 6648 6648 6648 6648 6648 6648 6648 6648 6648 6648 6648 6648 6648 6648 6648 6648 6648 6648 6648 6648 6648 6648 6648 6648 6648 6648 6648 6648 6648 6648 6648 6648 6648 6648 6648 6648 6648 6648 6648 6648 6648 6648 6648 0 
0 6648 6648 6648 6648 6648 6648 6648 6648 6648 6648 6648 6648 6648 6648 6648 6648 6648 6648 6648 6648 6648 6648 6648 6648 6648 6648 6648 6648 6648 6648 6648 6648 6648 6648 6648 6648 6648 6648 6648 6648 6648 6648 6648 6648 6648 6648 6648 6648 6648 6648 6648 6648 6648 6648 6648 6648 6648 6648 6648 6648 6648 6648 6648 6648 6648 6648 6648 6648 6648 6648 6648 6648 6648 6648 6648 6648 6648 6648 6648 6648 6648 6648 0 
0 6648 6648 6648 6648 6648 6648 6648 6648 6648 6648 6648 6648 6648 6648 6648 6648 6648 6648 6648 6648 6648 6648 6648 6648 6648 6648 6648 6648 6648 6648 6648 6648 6648 6648 6648 6648 6648 6648 6648 6648 6648 6648 6648 6648 6648 6648 6648 6648 6648 6648 6648 6648 6648 6648 6648 6648 6648 6648 6648 6648 6648 6648 6648 6648 6648 6648 6648 6648 6648 6648 6648 6648 6648 6648 6648 6648 6648 6648 6648 6648 6648 6648 0 
0 6648 6648 6648 6648 6648 6648 6648 6648 6648 6648 6648 6648 6648 6648 6648 6648 6648 6648 6648 6648 6648 6648 6648 6648 6648 6648 6648 6648 6648 6648 6648 6648 6648 6648 6648 6648 6648 6648 6648 6648 6648 6648 6648 6648 6648 6648 6648 6648 6648 6648 6648 6648 6648 6648 6648 6648 6648 6648 6648 6648 6648 6648 6648 6648 6648 6648 6648 6648 6648 6648 6648 6648 6648 6648 6648 6648 6648 6648 6648 6648 6648 6648 0 
0 6648 6648 6648 6648 6648 6648 6648 6648 6648 6648 6648 6648 6648 6648 6648 6648 6648 6648 6648 6648 6648 6648 6648 6648 6648 6648 6648 6648 6648 6648 6648 6648 6648 6648 6648 6648 6648 6648 6648 6648 6648 6648 6648 6648 6648 6648 6648 6648 6648 6648 6648 6648 6648 6648 6648 6648 6648 6648 6648 6648 6648 6648 6648 6648 6648 6648 6648 6648 6648 6648 6648 6648 6648 6648 6648 6648 6648 6648 6648 6648 6648 6648 0 
0 6648 6648 6648 6648 6648 6648 6648 6648 6648 6648 6648 6648 6648 6648 6648 6648 6648 6648 6648 6648 6648 6648 6648 6648 6648 6648 6648 6648 6648 6648 6648 6648 6648 6648 6648 6648 6648 6648 6648 6648 6648 6648 6648 6648 6648 6648 6648 6648 6648 6648 6648 6648 6648 6648 6648 6648 6648 6648 6648 6648 6648 6648 6648 6648 6648 6648 6648 6648 6648 6648 6648 6648 6648 6648 6648 6648 6648 6648 6648 6648 6648 6648 0 
0 6648 6648 6648 6648 6648 6648 6648 6648 6648 6648 6648 6648 6648 6648 6648 6648 6648 6648 6648 6648 6648 6648 6648 6648 6648 6648 6648 6648 6648 6648 6648 6648 6648 6648 6648 6648 6648 6648 6648 6648 6648 6648 6648 6648 6648 6648 6648 6648 6648 6648 6648 6648 6648 6648 6648 6648 6648 6648 6648 6648 6648 6648 6648 6648 6648 6648 6648 6648 6648 6648 6648 6648 6648 6648 6648 6648 6648 6648 6648 6648 6648 6648 0 
0 0 0 0 0 0 0 0 0 0 0 0 0 0 0 0 0 0 0 0 0 0 0 0 0 0 0 0 0 0 0 0 0 0 0 0 0 0 0 0 0 0 0 0 0 0 0 0 0 0 0 0 0 0 0 0 0 0 0 0 0 0 0 0 0 0 0 0 0 0 0 0 0 0 0 0 0 0 0 0 0 0 0 0 
0 0 0 0 0 0 0 0 0 0 0 0 0 0 0 0 0 0 0 0 0 0 0 0 0 0 0 0 0 0 0 0 0 0 0 0 0 0 0 0 0 0 0 0 0 0 0 0 0 0 0 0 0 0 0 0 0 0 0 0 0 0 0 0 0 0 0 0 0 0 0 0 0 0 0 0 0 0 0 0 0 0 0 0 
0 0 0 0 0 0 0 0 0 0 0 0 0 0 0 0 0 0 0 0 0 0 0 0 0 0 0 0 0 0 0 0 0 0 0 0 0 0 0 0 0 0 0 0 0 0 0 0 0 0 0 0 0 0 0 0 0 0 0 0 0 0 0 0 0 0 0 0 0 0 0 0 0 0 0 0 0 0 0 0 0 0 0 0 
0 0 0 0 0 0 0 0 0 0 0 0 0 0 0 0 0 0 0 0 0 0 0 0 0 0 0 0 0 0 0 0 0 0 0 0 0 0 0 0 0 0 0 0 0 0 0 0 0 0 0 0 0 0 0 0 0 0 0 0 0 0 0 0 0 0 0 0 0 0 0 0 0 0 0 0 0 0 0 0 0 0 0 0 
0 0 0 0 0 0 0 0 0 0 0 0 0 0 0 0 0 0 0 0 0 0 0 0 0 0 0 0 0 0 0 0 0 0 0 0 0 0 0 0 0 0 0 0 0 0 0 0 0 0 0 0 0 0 0 0 0 0 0 0 0 0 0 0 0 0 0 0 0 0 0 0 0 0 0 0 0 0 0 0 0 0 0 0 
0 0 0 0 0 0 0 0 0 0 0 0 0 0 0 0 0 0 0 0 0 0 0 0 0 0 0 0 0 0 0 0 0 0 0 0 0 0 0 0 0 0 0 0 0 0 0 0 0 0 0 0 0 0 0 0 0 0 0 0 0 0 0 0 0 0 0 0 0 0 0 0 0 0 0 0 0 0 0 0 0 0 0 0 
0 0 0 0 0 0 0 0 0 0 0 0 0 0 0 0 0 0 0 0 0 0 0 0 0 0 0 0 0 0 0 0 0 0 0 0 0 0 0 0 0 0 0 0 0 0 0 0 0 0 0 0 0 0 0 0 0 0 0 0 0 0 0 0 0 0 0 0 0 0 0 0 0 0 0 0 0 0 0 0 0 0 0 0 
0 0 0 0 0 0 0 0 0 0 0 0 0 0 0 0 0 0 0 0 0 0 0 0 0 0 0 0 0 0 0 0 0 0 0 0 0 0 0 0 0 0 0 0 0 0 0 0 0 0 0 0 0 0 0 0 0 0 0 0 0 0 0 0 0 0 0 0 0 0 0 0 0 0 0 0 0 0 0 0 0 0 0 0 
0 0 0 0 0 0 0 0 0 0 0 0 0 0 0 0 0 0 0 0 0 0 0 0 0 0 0 0 0 0 0 0 0 0 0 0 0 0 0 0 0 0 0 0 0 0 0 0 0 0 0 0 0 0 0 0 0 0 0 0 0 0 0 0 0 0 0 0 0 0 0 0 0 0 0 0 0 0 0 0 0 0 0 0 
0 0 0 0 0 0 0 0 0 0 0 0 0 0 0 0 0 0 0 0 0 0 0 0 0 0 0 0 0 0 0 0 0 0 0 0 0 0 0 0 0 0 0 0 0 0 0 0 0 0 0 0 0 0 0 0 0 0 0 0 0 0 0 0 0 0 0 0 0 0 0 0 0 0 0 0 0 0 0 0 0 0 0 0 
0 0 0 0 0 0 0 0 0 0 0 0 0 0 0 0 0 0 0 0 0 0 0 0 0 0 0 0 0 0 0 0 0 0 0 0 0 0 0 0 0 0 0 0 0 0 0 0 0 0 0 0 0 0 0 0 0 0 0 0 0 0 0 0 0 0 0 0 0 0 0 0 0 0 0 0 0 0 0 0 0 0 0 0 
0 0 0 0 0 0 0 0 0 0 0 0 0 0 0 0 0 0 0 0 0 0 0 0 0 0 0 0 0 0 0 0 0 0 0 0 0 0 0 0 0 0 0 0 0 0 0 0 0 0 0 0 0 0 0 0 0 0 0 0 0 0 0 0 0 0 0 0 0 0 0 0 0 0 0 0 0 0 0 0 0 0 0 0 
0 0 0 0 0 0 0 0 0 0 0 0 0 0 0 0 0 0 0 0 0 0 0 0 0 0 0 0 0 0 0 0 0 0 0 0 0 0 0 0 0 0 0 0 0 0 0 0 0 0 0 0 0 0 0 0 0 0 0 0 0 0 0 0 0 0 0 0 0 0 0 0 0 0 0 0 0 0 0 0 0 0 0 0 
0 0 0 0 0 0 0 0 0 0 0 0 0 0 0 0 0 0 0 0 0 0 0 0 0 0 0 0 0 0 0 0 0 0 0 0 0 0 0 0 0 0 0 0 0 0 0 0 0 0 0 0 0 0 0 0 0 0 0 0 0 0 0 0 0 0 0 0 0 0 0 0 0 0 0 0 0 0 0 0 0 0 0 0 
0 0 0 0 0 0 0 0 0 0 0 0 0 0 0 0 0 0 0 0 0 0 0 0 0 0 0 0 0 0 0 0 0 0 0 0 0 0 0 0 0 0 0 0 0 0 0 0 0 0 0 0 0 0 0 0 0 0 0 0 0 0 0 0 0 0 0 0 0 0 0 0 0 0 0 0 0 0 0 0 0 0 0 0 
0 0 0 0 0 0 0 0 0 0 0 0 0 0 0 0 0 0 0 0 0 0 0 0 0 0 0 0 0 0 0 0 0 0 0 0 0 0 0 0 0 0 0 0 0 0 0 0 0 0 0 0 0 0 0 0 0 0 0 0 0 0 0 0 0 0 0 0 0 0 0 0 0 0 0 0 0 0 0 0 0 0 0 0 
0 0 0 0 0 0 0 0 0 0 0 0 0 0 0 0 0 0 0 0 0 0 0 0 0 0 0 0 0 0 0 0 0 0 0 0 0 0 0 0 0 0 0 0 0 0 0 0 0 0 0 0 0 0 0 0 0 0 0 0 0 0 0 0 0 0 0 0 0 0 0 0 0 0 0 0 0 0 0 0 0 0 0 0 
0 0 0 0 0 0 0 0 0 0 0 0 0 0 0 0 0 0 0 0 0 0 0 0 0 0 0 0 0 0 0 0 0 0 0 0 0 0 0 0 0 0 0 0 0 0 0 0 0 0 0 0 0 0 0 0 0 0 0 0 0 0 0 0 0 0 0 0 0 0 0 0 0 0 0 0 0 0 0 0 0 0 0 0 
0 0 0 0 0 0 0 0 0 0 0 0 0 0 0 0 0 0 0 0 0 0 0 0 0 0 0 0 0 0 0 0 0 0 0 0 0 0 0 0 0 0 0 0 0 0 0 0 0 0 0 0 0 0 0 0 0 0 0 0 0 0 0 0 0 0 0 0 0 0 0 0 0 0 0 0 0 0 0 0 0 0 0 0 
0 0 0 0 0 0 0 0 0 0 0 0 0 0 0 0 0 0 0 0 0 0 0 0 0 0 0 0 0 0 0 0 0 0 0 0 0 0 0 0 0 0 0 0 0 0 0 0 0 0 0 0 0 0 0 0 0 0 0 0 0 0 0 0 0 0 0 0 0 0 0 0 0 0 0 0 0 0 0 0 0 0 0 0 
0 0 0 0 0 0 0 0 0 0 0 0 0 0 0 0 0 0 0 0 0 0 0 0 0 0 0 0 0 0 0 0 0 0 0 0 0 0 0 0 0 0 0 0 0 0 0 0 0 0 0 0 0 0 0 0 0 0 0 0 0 0 0 0 0 0 0 0 0 0 0 0 0 0 0 0 0 0 0 0 0 0 0 0 
0 0 0 0 0 0 0 0 0 0 0 0 0 0 0 0 0 0 0 0 0 0 0 0 0 0 0 0 0 0 0 0 0 0 0 0 0 0 0 0 0 0 0 0 0 0 0 0 0 0 0 0 0 0 0 0 0 0 0 0 0 0 0 0 0 0 0 0 0 0 0 0 0 0 0 0 0 0 0 0 0 0 0 0 
0 0 0 0 0 0 0 0 0 0 0 0 0 0 0 0 0 0 0 0 0 0 0 0 0 0 0 0 0 0 0 0 0 0 0 0 0 0 0 0 0 0 0 0 0 0 0 0 0 0 0 0 0 0 0 0 0 0 0 0 0 0 0 0 0 0 0 0 0 0 0 0 0 0 0 0 0 0 0 0 0 0 0 0 
0 0 0 0 0 0 0 0 0 0 0 0 0 0 0 0 0 0 0 0 0 0 0 0 0 0 0 0 0 0 0 0 0 0 0 0 0 0 0 0 0 0 0 0 0 0 0 0 0 0 0 0 0 0 0 0 0 0 0 0 0 0 0 0 0 0 0 0 0 0 0 0 0 0 0 0 0 0 0 0 0 0 0 0 
0 0 0 0 0 0 0 0 0 0 0 0 0 0 0 0 0 0 0 0 0 0 0 0 0 0 0 0 0 0 0 0 0 0 0 0 0 0 0 0 0 0 0 0 0 0 0 0 0 0 0 0 0 0 0 0 0 0 0 0 0 0 0 0 0 0 0 0 0 0 0 0 0 0 0 0 0 0 0 0 0 0 0 0 
0 0 0 0 0 0 0 0 0 0 0 0 0 0 0 0 0 0 0 0 0 0 0 0 0 0 0 0 0 0 0 0 0 0 0 0 0 0 0 0 0 0 0 0 0 0 0 0 0 0 0 0 0 0 0 0 0 0 0 0 0 0 0 0 0 0 0 0 0 0 0 0 0 0 0 0 0 0 0 0 0 0 0 0 
0 0 0 0 0 0 0 0 0 0 0 0 0 0 0 0 0 0 0 0 0 0 0 0 0 0 0 0 0 0 0 0 0 0 0 0 0 0 0 0 0 0 0 0 0 0 0 0 0 0 0 0 0 0 0 0 0 0 0 0 0 0 0 0 0 0 0 0 0 0 0 0 0 0 0 0 0 0 0 0 0 0 0 0 
0 0 0 0 0 0 0 0 0 0 0 0 0 0 0 0 0 0 0 0 0 0 0 0 0 0 0 0 0 0 0 0 0 0 0 0 0 0 0 0 0 0 0 0 0 0 0 0 0 0 0 0 0 0 0 0 0 0 0 0 0 0 0 0 0 0 0 0 0 0 0 0 0 0 0 0 0 0 0 0 0 0 0 0 
0 0 0 0 0 0 0 0 0 0 0 0 0 0 0 0 0 0 0 0 0 0 0 0 0 0 0 0 0 0 0 0 0 0 0 0 0 0 0 0 0 0 0 0 0 0 0 0 0 0 0 0 0 0 0 0 0 0 0 0 0 0 0 0 0 0 0 0 0 0 0 0 0 0 0 0 0 0 0 0 0 0 0 0 
0 0 0 0 0 0 0 0 0 0 0 0 0 0 0 0 0 0 0 0 0 0 0 0 0 0 0 0 0 0 0 0 0 0 0 0 0 0 0 0 0 0 0 0 0 0 0 0 0 0 0 0 0 0 0 0 0 0 0 0 0 0 0 0 0 0 0 0 0 0 0 0 0 0 0 0 0 0 0 0 0 0 0 0 
0 0 0 0 0 0 0 0 0 0 0 0 0 0 0 0 0 0 0 0 0 0 0 0 0 0 0 0 0 0 0 0 0 0 0 0 0 0 0 0 0 0 0 0 0 0 0 0 0 0 0 0 0 0 0 0 0 0 0 0 0 0 0 0 0 0 0 0 0 0 0 0 0 0 0 0 0 0 0 0 0 0 0 0 
0 0 0 0 0 0 0 0 0 0 0 0 0 0 0 0 0 0 0 0 0 0 0 0 0 0 0 0 0 0 0 0 0 0 0 0 0 0 0 0 0 0 0 0 0 0 0 0 0 0 0 0 0 0 0 0 0 0 0 0 0 0 0 0 0 0 0 0 0 0 0 0 0 0 0 0 0 0 0 0 0 0 0 0 
0 0 0 0 0 0 0 0 0 0 0 0 0 0 0 0 0 0 0 0 0 0 0 0 0 0 0 0 0 0 0 0 0 0 0 0 0 0 0 0 0 0 0 0 0 0 0 0 0 0 0 0 0 0 0 0 0 0 0 0 0 0 0 0 0 0 0 0 0 0 0 0 0 0 0 0 0 0 0 0 0 0 0 0 
0 0 0 0 0 0 0 0 0 0 0 0 0 0 0 0 0 0 0 0 0 0 0 0 0 0 0 0 0 0 0 0 0 0 0 0 0 0 0 0 0 0 0 0 0 0 0 0 0 0 0 0 0 0 0 0 0 0 0 0 0 0 0 0 0 0 0 0 0 0 0 0 0 0 0 0 0 0 0 0 0 0 0 0 
0 0 0 0 0 0 0 0 0 0 0 0 0 0 0 0 0 0 0 0 0 0 0 0 0 0 0 0 0 0 0 0 0 0 0 0 0 0 0 0 0 0 0 0 0 0 0 0 0 0 0 0 0 0 0 0 0 0 0 0 0 0 0 0 0 0 0 0 0 0 0 0 0 0 0 0 0 0 0 0 0 0 0 0 
0 0 0 0 0 0 0 0 0 0 0 0 0 0 0 0 0 0 0 0 0 0 0 0 0 0 0 0 0 0 0 0 0 0 0 0 0 0 0 0 0 0 0 0 0 0 0 0 0 0 0 0 0 0 0 0 0 0 0 0 0 0 0 0 0 0 0 0 0 0 0 0 0 0 0 0 0 0 0 0 0 0 0 0 
0 0 0 0 0 0 0 0 0 0 0 0 0 0 0 0 0 0 0 0 0 0 0 0 0 0 0 0 0 0 0 0 0 0 0 0 0 0 0 0 0 0 0 0 0 0 0 0 0 0 0 0 0 0 0 0 0 0 0 0 0 0 0 0 0 0 0 0 0 0 0 0 0 0 0 0 0 0 0 0 0 0 0 0 
0 0 0 0 0 0 0 0 0 0 0 0 0 0 0 0 0 0 0 0 0 0 0 0 0 0 0 0 0 0 0 0 0 0 0 0 0 0 0 0 0 0 0 0 0 0 0 0 0 0 0 0 0 0 0 0 0 0 0 0 0 0 0 0 0 0 0 0 0 0 0 0 0 0 0 0 0 0 0 0 0 0 0 0 
0 0 0 0 0 0 0 0 0 0 0 0 0 0 0 0 0 0 0 0 0 0 0 0 0 0 0 0 0 0 0 0 0 0 0 0 0 0 0 0 0 0 0 0 0 0 0 0 0 0 0 0 0 0 0 0 0 0 0 0 0 0 0 0 0 0 0 0 0 0 0 0 0 0 0 0 0 0 0 0 0 0 0 0 
0 0 0 0 0 0 0 0 0 0 0 0 0 0 0 0 0 0 0 0 0 0 0 0 0 0 0 0 0 0 0 0 0 0 0 0 0 0 0 0 0 0 0 0 0 0 0 0 0 0 0 0 0 0 0 0 0 0 0 0 0 0 0 0 0 0 0 0 0 0 0 0 0 0 0 0 0 0 0 0 0 0 0 0 
0 0 0 0 0 0 0 0 0 0 0 0 0 0 0 0 0 0 0 0 0 0 0 0 0 0 0 0 0 0 0 0 0 0 0 0 0 0 0 0 0 0 0 0 0 0 0 0 0 0 0 0 0 0 0 0 0 0 0 0 0 0 0 0 0 0 0 0 0 0 0 0 0 0 0 0 0 0 0 0 0 0 0 0 
0 0 0 0 0 0 0 0 0 0 0 0 0 0 0 0 0 0 0 0 0 0 0 0 0 0 0 0 0 0 0 0 0 0 0 0 0 0 0 0 0 0 0 0 0 0 0 0 0 0 0 0 0 0 0 0 0 0 0 0 0 0 0 0 0 0 0 0 0 0 0 0 0 0 0 0 0 0 0 0 0 0 0 0 
0 0 0 0 0 0 0 0 0 0 0 0 0 0 0 0 0 0 0 0 0 0 0 0 0 0 0 0 0 0 0 0 0 0 0 0 0 0 0 0 0 0 0 0 0 0 0 0 0 0 0 0 0 0 0 0 0 0 0 0 0 0 0 0 0 0 0 0 0 0 0 0 0 0 0 0 0 0 0 0 0 0 0 0 
0 0 0 0 0 0 0 0 0 0 0 0 0 0 0 0 0 0 0 0 0 0 0 0 0 0 0 0 0 0 0 0 0 0 0 0 0 0 0 0 0 0 0 0 0 0 0 0 0 0 0 0 0 0 0 0 0 0 0 0 0 0 0 0 0 0 0 0 0 0 0 0 0 0 0 0 0 0 0 0 0 0 0 0 
0 0 0 0 0 0 0 0 0 0 0 0 0 0 0 0 0 0 0 0 0 0 0 0 0 0 0 0 0 0 0 0 0 0 0 0 0 0 0 0 0 0 0 0 0 0 0 0 0 0 0 0 0 0 0 0 0 0 0 0 0 0 0 0 0 0 0 0 0 0 0 0 0 0 0 0 0 0 0 0 0 0 0 0 
0 0 0 0 0 0 0 0 0 0 0 0 0 0 0 0 0 0 0 0 0 0 0 0 0 0 0 0 0 0 0 0 0 0 0 0 0 0 0 0 0 0 0 0 0 0 0 0 0 0 0 0 0 0 0 0 0 0 0 0 0 0 0 0 0 0 0 0 0 0 0 0 0 0 0 0 0 0 0 0 0 0 0 0 
0 0 0 0 0 0 0 0 0 0 0 0 0 0 0 0 0 0 0 0 0 0 0 0 0 0 0 0 0 0 0 0 0 0 0 0 0 0 0 0 0 0 0 0 0 0 0 0 0 0 0 0 0 0 0 0 0 0 0 0 0 0 0 0 0 0 0 0 0 0 0 0 0 0 0 0 0 0 0 0 0 0 0 0 
0 0 0 0 0 0 0 0 0 0 0 0 0 0 0 0 0 0 0 0 0 0 0 0 0 0 0 0 0 0 0 0 0 0 0 0 0 0 0 0 0 0 0 0 0 0 0 0 0 0 0 0 0 0 0 0 0 0 0 0 0 0 0 0 0 0 0 0 0 0 0 0 0 0 0 0 0 0 0 0 0 0 0 0 
0 0 0 0 0 0 0 0 0 0 0 0 0 0 0 0 0 0 0 0 0 0 0 0 0 0 0 0 0 0 0 0 0 0 0 0 0 0 0 0 0 0 0 0 0 0 0 0 0 0 0 0 0 0 0 0 0 0 0 0 0 0 0 0 0 0 0 0 0 0 0 0 0 0 0 0 0 0 0 0 0 0 0 0 
0 0 0 0 0 0 0 0 0 0 0 0 0 0 0 0 0 0 0 0 0 0 0 0 0 0 0 0 0 0 0 0 0 0 0 0 0 0 0 0 0 0 0 0 0 0 0 0 0 0 0 0 0 0 0 0 0 0 0 0 0 0 0 0 0 0 0 0 0 0 0 0 0 0 0 0 0 0 0 0 0 0 0 0 
0 0 0 0 0 0 0 0 0 0 0.00195312 0.0078125 0.0195312 0.0371094 0.0703125 0.109375 0.181641 0.267578 0.408203 0.585938 0.861328 1.20703 1.71289 2.34375 3.22852 4.3125 5.75195 7.42969 9.54492 11.8066 14.5605 17.2031 20.4551 23.1621 26.7148 28.959 32.4883 33.666 36.8477 36.6113 39.4375 37.832 40.584 38.0039 40.6875 37.7832 39.9688 37.0605 38.2891 35.2969 35.2891 32.1406 30.9512 27.8164 25.9414 23.1641 21.2148 19.1016 17.5332 16.207 15.1914 14.5742 14.0488 13.9102 13.6797 13.7207 13.5449 13.5059 13.1738 12.8867 12.3242 11.7324 10.9727 10.1484 9.29102 8.38281 7.55664 6.73828 6.06445 5.4707 5.05664 4.77344 4.6875 0 
0 0 0 0 0 0 0 0 0 0 0 0.00585938 0.015625 0.0351562 0.0625 0.109375 0.166016 0.261719 0.382812 0.574219 0.816406 1.18164 1.63867 2.30273 3.13672 4.28125 5.67969 7.5 9.57812 12.1309 14.7246 17.8496 20.6973 24.2656 26.9629 30.7031 32.5957 36.1035 36.6055 39.6523 38.5957 41.457 39.0645 42.0176 38.9824 41.7188 38.6738 40.5645 37.5332 38.2188 35.041 34.3633 31.0449 29.3145 26.1641 24.0527 21.4707 19.582 17.8145 16.4766 15.5332 14.7812 14.4785 14.1504 14.1914 14.041 14.1191 13.8887 13.7637 13.3027 12.8535 12.1445 11.3906 10.5176 9.58203 8.67969 7.74414 6.94336 6.17773 5.60156 5.12695 4.86328 4.73633 0 
0 0 0 0 0 0 0 0 0 0 0 0.00195312 0.0117188 0.0292969 0.0605469 0.0957031 0.162109 0.240234 0.369141 0.53125 0.789062 1.10938 1.5918 2.20117 3.07422 4.18359 5.71094 7.57812 9.98633 12.6094 15.6934 18.6797 22.2891 25.4043 29.4219 32.0859 36.0957 37.4668 40.9688 40.5625 43.6465 41.4863 44.6543 41.4023 44.7852 41.4785 44.1426 41.0234 42.4453 39.1719 39.1602 35.6367 34.166 30.5625 28.2793 25.0859 22.791 20.4297 18.6562 17.2715 16.1875 15.6465 15.1465 15.1621 14.9863 15.1973 15.0469 15.127 14.7676 14.5059 13.8496 13.1953 12.293 11.3418 10.3281 9.26562 8.30469 7.33789 6.56836 5.86719 5.40234 5.05664 4.96289 0 
0 0 0 0 0 0 0 0 0 0 0 0 0.0078125 0.0253906 0.0507812 0.0917969 0.142578 0.228516 0.333984 0.505859 0.720703 1.05469 1.47852 2.10547 2.91797 4.08984 5.61914 7.77148 10.4453 13.6914 16.8828 20.543 23.9824 28.2559 31.6953 36.3359 38.8008 43.0918 43.5273 47.1211 45.2949 48.5586 45.1055 48.6152 45.207 48.748 45.6973 47.8164 44.6992 45.3965 41.7305 40.7129 36.6758 34.2676 30.3047 27.5098 24.3379 21.9746 19.9434 18.3809 17.4668 16.6797 16.5957 16.332 16.6758 16.5742 16.9258 16.6738 16.6914 16.0996 15.6348 14.6973 13.7773 12.6289 11.4473 10.2754 9.08008 8.07031 7.08984 6.38086 5.76172 5.44141 5.25781 0 
0 0 0 0 0 0 0 0 0 0 0 0 0.0078125 0.0214844 0.0507812 0.0800781 0.138672 0.205078 0.314453 0.453125 0.673828 0.949219 1.37109 1.91797 2.72461 3.80469 5.42383 7.71289 11.1758 15.0898 18.9492 22.584 26.9551 31 36.2383 39.9785 45.4102 47.1367 51.7793 50.3887 54.3477 50.3262 53.9434 49.1738 53.9492 50.7559 53.5156 51.2129 52.6055 49.3086 49.0332 44.7168 42.3477 37.5879 34.1973 29.9355 26.7891 23.8242 21.5723 20.0547 18.8145 18.4961 18.0332 18.4785 18.3809 19.0605 18.9121 19.3398 18.8438 18.709 17.75 16.9863 15.6758 14.4316 12.9922 11.5645 10.2422 8.93164 7.91016 6.95117 6.34961 5.86133 5.74414 0 
0 0 0 0 0 0 0 0 0 0 0 0 0.00585938 0.0175781 0.0351562 0.0800781 0.126953 0.193359 0.277344 0.414062 0.585938 0.857422 1.20117 1.70703 2.375 3.36328 4.75195 7.10742 11.7617 17.6445 21.4531 25.6113 29.8418 35.3555 40.2617 46.9082 50.6641 57.0469 56.5898 61.6562 57.4434 60.2656 55.082 56.9863 55.2422 58.6191 56.541 58.8203 57.0684 58.752 54.4316 52.7695 47.3867 43.3691 37.7891 33.5938 29.2988 26.084 23.625 21.6992 20.9199 20.0977 20.5312 20.3555 21.3926 21.3281 22.3086 21.9336 22.3418 21.4062 20.998 19.5234 18.3555 16.5879 14.9785 13.2324 11.5723 10.1328 8.76367 7.78906 6.91992 6.49219 6.20508 0 
0 0 0 0 0 0 0 0 0 0 0 0 0 0.00585938 0.0214844 0 0.138672 0.173828 0.248047 0.351562 0.515625 0.720703 1.03125 1.41992 1.97461 2.65234 3.55078 4.43359 0 22.6309 25.0801 28.584 33.707 39.1602 46.5762 52.6758 61.2969 63.9688 71.1738 66.082 74.791 64.3848 70.6914 92.0215 69.7129 62.9297 61.998 61.9629 67.6504 64.1211 65.2832 59.791 55.6953 48.6914 43.0645 36.9492 32.375 28.5078 25.5859 23.9902 22.5918 22.8047 22.4258 23.7617 23.7461 25.3809 25.1582 26.3438 25.502 25.7266 24.1484 23.2891 21.1699 19.5 17.2227 15.2363 13.2188 11.3887 9.9082 8.56641 7.72852 7.03516 6.87109 0 
0 99.6133 99.6152 99.6152 99.6152 99.6152 99.6152 99.6152 99.6152 99.6152 99.6152 99.6152 99.6152 100.004 99.6816 0 0.126953 0.152344 0.207031 0.302734 0.419922 0.607422 0.830078 1.15234 1.52539 2.01367 2.50195 2.94141 0 26.2559 27.9883 31.8379 36.8496 44.1035 51.6777 62.1074 70.0273 81.1465 76.9551 81.0664 92.6445 136.816 155.104 169.146 160.896 147.051 123.299 80.0703 73.1113 82.2148 72.6055 71.7852 63.832 56.2891 47.6934 41.1074 35.1953 30.8398 27.9512 25.668 25.3145 24.5488 26.0254 25.9863 28.3164 28.2383 30.4238 29.7539 30.959 29.3848 29.1621 26.7793 25.2656 22.3965 20.1582 17.3789 15.0684 12.8828 10.9902 9.5918 8.38867 7.79492 7.37891 0 
0 199.227 199.23 199.23 199.23 199.23 199.23 199.23 199.23 199.23 199.23 199.23 199.23 199.23 199.465 0 0.107422 0.128906 0.175781 0.238281 0.347656 0.476562 0.666016 0.878906 1.16797 1.45508 1.77148 1.96875 0 28.5645 30.5 34.123 40.1797 47.6211 58.2656 69.6172 85 98.4512 105.572 149.369 184.182 214.352 235.904 246.676 243.678 230.033 208.465 176.781 150.316 102.232 86.0879 86.0234 75.5469 63.2383 53.3047 44.3926 37.9414 33.1328 29.5703 28.1816 26.7676 28.0586 27.8848 30.8809 30.918 34.1855 33.8066 36.3535 34.8848 35.6914 33.2188 32.1641 28.8906 26.5215 22.8809 20.0879 16.9355 14.4316 12.248 10.4375 9.25977 8.32617 8.08398 0 
0 298.84 298.844 298.846 298.846 298.846 298.846 298.846 298.846 298.846 298.846 298.846 298.846 298.844 299.367 0 0.0859375 0.105469 0.134766 0.195312 0.265625 0.376953 0.5 0.673828 0.845703 1.05664 1.22266 1.36523 0 30.2168 31.8926 36.0312 41.9961 51.1035 62.1699 78.3945 97.8809 127.523 185.146 226.338 255.613 271.717 280.082 285.268 282.902 276.045 263.605 248.338 228.834 194.428 155.484 113.311 88.1719 70.8711 57.1523 47.4609 39.9473 34.5918 31.6133 29.2148 29.8164 29.3359 32.7402 32.9316 37.5137 37.1523 41.4512 40.2344 42.4805 39.9785 39.7754 36.4277 34.2383 29.9922 26.6738 22.3633 19.1602 15.8965 13.3867 11.4121 9.85938 9.03516 8.50391 0 
0 398.453 398.459 398.461 398.461 398.461 398.461 398.461 398.461 398.461 398.461 398.461 398.461 398.459 398.463 0 0.0664062 0.0761719 0.105469 0.144531 0.207031 0.277344 0.382812 0.486328 0.625 0.742188 0.869141 0.933594 0 30.7715 32.709 36.5625 43.2148 52 65.0586 81.1777 105.881 139.518 198.359 219.729 252.582 242.566 244.625 244.191 243.16 238.287 232.494 228.174 238.068 219.488 181.947 127.748 96.0293 74.1875 59.7676 48.6836 40.9531 35.8477 32.1016 31.4336 30.3633 33.5176 33.8887 40.0215 39.9531 44.8047 45.0742 49.3457 46.5566 47.2988 44.1035 42.4727 38.5547 34.9121 29.5703 25.4453 20.8008 17.4629 14.416 12.1289 10.5527 9.4082 9.05859 0 
0 498.066 498.072 498.076 498.076 498.076 498.076 498.076 498.076 498.076 498.076 498.076 498.076 498.072 498.086 0 0.046875 0.0585938 0.0742188 0.107422 0.144531 0.208984 0.273438 0.359375 0.441406 0.537109 0.607422 0.673828 0 30.7734 32.3965 36.4668 42.541 51.8457 63.584 80.7168 101.494 132.129 168.521 210.018 208.938 209.896 208.654 209.771 207.607 204.852 200.273 196.09 191.174 177.09 150.949 119.533 92.3789 73.6289 58.875 48.4707 40.9453 35.5566 33.1699 31.1738 33.2402 33.5215 40.2012 41.2559 51.1914 47.6895 57.1855 53.1406 54.627 50.6914 49.7324 46.2148 44.3906 38.916 33.5488 27.3574 22.8828 18.4355 15.2988 12.7539 10.9004 9.85742 9.24805 0 
0 597.68 597.686 597.691 597.691 597.691 597.691 597.691 597.691 597.691 597.691 597.691 597.691 597.686 597.717 0 0.0351562 0.0390625 0.0546875 0.0742188 0.107422 0.142578 0.197266 0.253906 0.324219 0.384766 0.451172 0.492188 0 29.8691 31.5996 35.127 41.1738 49.2363 60.7852 74.6387 93.8066 114.879 141.176 161.764 172.318 174.613 177.645 177.242 176.705 173.812 170.109 164.592 157.303 143.846 126.379 104.02 85.0664 68.5527 56.1445 46.4941 39.457 35.2188 32.0547 32.459 32.1895 37.5762 39.3281 52.3379 55.2266 98.4863 63.2812 64.0781 57.0879 55.1992 52.2207 50.8008 50.8809 44.1914 36.2012 29.8691 23.707 19.4766 15.7168 13.0684 11.1973 9.91992 9.48633 0 
0 697.293 697.299 697.305 697.307 697.307 697.307 697.307 697.307 697.307 697.307 697.307 697.305 697.299 697.363 0 0.0253906 0.0273438 0.0351562 0.0488281 0.0703125 0.101562 0.138672 0.185547 0.238281 0.294922 0.349609 0.40625 0 28.6543 29.9883 33.4062 38.5117 46.0801 55.4609 68.0195 82.0195 99.4531 115.686 131.621 139.826 146.014 148.051 149.475 148.477 146.473 142.561 137.346 129.494 118.992 104.855 89.9062 74.8242 62.1875 51.4883 43.2695 37.4629 33.125 31.7676 30.6016 33.8164 35.2559 44.3867 47.9512 66.3066 68.8848 72.375 66.8086 70.498 95.7168 78.5566 87.6953 63.6777 49.1367 38.9707 30.5215 24.6895 19.4863 15.9277 13.0977 11.1055 9.96289 9.32812 0 
0 796.906 796.912 796.918 796.922 796.922 796.922 796.922 796.922 796.922 796.922 796.922 796.918 796.912 797.043 0 99.6328 99.6367 99.6426 99.6777 99.7051 99.7285 99.75 99.7812 100.209 100.254 100.309 100.148 0 26.8945 28.2461 31.0078 35.6992 41.8574 50.1797 59.8203 71.6719 83.7227 96.7637 107.07 115.598 120.309 123.629 124.541 124.234 122.15 118.83 113.676 107.041 98.0254 87.6895 75.9902 64.9453 54.6758 46.166 39.4531 34.2324 31.3945 29.25 30.3926 31 36.8516 40.127 52.5938 59.8457 83.373 112.377 127.674 132.973 136.611 110.627 88.1738 65.5645 50.1309 38.7656 30.752 23.9785 19.3672 15.5 12.7754 10.8906 9.60938 9.17188 0 
0 896.52 896.525 896.531 896.535 896.537 896.537 896.537 896.537 896.537 896.537 896.537 896.531 896.525 896.787 0 199.252 199.258 199.264 199.355 199.385 199.402 199.404 199.436 199.473 199.516 199.584 200.17 0 25.2148 26.1445 28.7148 32.4688 37.916 44.4746 52.6484 61.459 71.2852 80.3828 88.9668 95.1973 99.9453 102.498 103.676 103.184 101.477 98.2949 93.9609 88.0449 81.0234 72.6621 64.0156 55.2734 47.3984 40.6035 35.0078 31.1875 28.2383 27.7129 27.3516 30.5527 32.7168 40.5586 45.6992 59.6172 70.0547 89.9961 98.8086 104.797 103.629 93.8301 76.041 59.7695 46.7188 36.8711 28.7637 23.0742 18.2246 14.7969 12.1816 10.2949 9.23438 8.64648 0 
0 996.133 996.139 996.145 996.15 996.152 996.152 996.152 996.152 996.152 996.152 996.15 996.145 996.139 996.662 0 299.094 298.9 298.893 299.074 299.051 299.084 299.064 299.111 299.145 299.201 299.299 299.344 0 23.3574 24.3398 26.2891 29.6836 33.9863 39.6406 45.9648 53.2617 60.5586 67.9434 74.2305 79.5469 83.1523 85.4316 86.1406 85.6543 83.8945 81.1602 77.2598 72.4688 66.6211 60.2168 53.3555 46.6914 40.5059 35.0762 30.8477 27.4199 25.7441 24.5332 25.7656 26.7969 31.4219 34.793 43.3633 49.4805 61.5039 69.6953 78.2305 80.502 79.6895 72.8125 62.3301 51.0957 41.334 32.8203 26.4336 20.9023 16.8984 13.6582 11.25 9.63672 8.51367 8.14453 0 
0 1095.75 1095.75 1095.76 1095.76 1095.77 1095.77 1095.77 1095.77 1095.77 1095.77 1095.76 1095.76 1095.75 1095.76 0 401.166 399.979 399.314 398.93 398.711 398.799 398.721 398.793 398.809 398.896 399.021 399.07 0 21.957 22.5352 24.4238 27.0547 30.9102 35.3633 40.7871 46.4258 52.4824 58.0703 63.2598 67.2578 70.2227 71.7285 72.0684 71.1484 69.4258 66.8223 63.5391 59.4531 54.8105 49.6465 44.3438 39.1172 34.2539 30.1055 26.5664 24.2363 22.4434 22.3223 22.4102 24.8223 26.8281 32.0352 35.9824 43.6895 49.0352 56.6504 60.166 62.7109 60.9648 56.8242 49.791 42.3457 34.8438 28.6094 22.9844 18.6816 15.0586 12.2734 10.2305 8.68164 7.83398 7.35742 0 
0 1195.36 1195.37 1195.37 1195.38 1195.38 1195.38 1195.38 1195.38 1195.38 1195.38 1195.38 1195.37 1195.37 1195.37 0 505.395 503.9 501.332 499.549 498.594 498.545 498.379 498.506 498.465 498.602 498.73 498.781 0 20.6465 21.3828 22.748 25.2793 28.332 32.373 36.6895 41.627 46.3828 51.1562 55.1406 58.4785 60.5254 61.4863 61.002 59.5566 57.5156 55.1387 52.2227 48.877 45.043 40.9707 36.7461 32.6445 28.877 25.5215 22.9453 20.8555 19.9023 19.3047 20.2324 21.2012 24.1914 26.7012 31.6309 35.3535 41.0137 44.2109 47.5547 48.002 47.2441 43.916 39.5137 34.0781 28.9102 23.8945 19.7148 16.0625 13.1133 10.8145 8.97656 7.7793 6.92188 6.64648 0 
0 1294.97 1294.98 1294.98 1294.99 1295 1295 1295 1295 1295 1295 1294.99 1294.98 1294.98 1294.99 0 615.191 611.252 606.193 601.85 599.561 598.299 598.039 598.322 598.119 598.328 598.422 598.49 0 20.0684 20.4316 21.9336 23.918 26.9219 30.2344 34.3027 38.3496 42.7129 46.5625 50.1406 52.6523 54.2852 54.3613 53.0488 50.209 47.8789 45.5957 43.1504 40.3086 37.2324 33.8848 30.5625 27.2734 24.2832 21.7188 19.5781 18.1836 17.1738 17.1621 17.3809 18.8887 20.3516 23.377 25.9492 30.0488 33.0586 35.7754 36.7637 37.3359 36.1719 34.0977 30.8359 27.1895 23.3066 19.6836 16.3867 13.5234 11.1895 9.22656 7.82031 6.70703 6.10742 5.77148 0 
0 1394.59 1394.59 1394.6 1394.6 1394.61 1394.61 1394.61 1394.61 1394.61 1394.61 1394.6 1394.6 1394.59 1394.62 0 734.027 724.279 714.605 706.863 701.408 698.592 697.943 697.578 697.871 698.041 698.1 698.217 0 19.7051 20.3398 21.457 23.6309 26.168 29.5723 33.0938 37.1465 40.916 44.7148 47.7129 50.1367 51.1777 50.8652 48.2266 42.2539 39.7559 37.9668 35.957 33.6719 31.0508 28.4277 25.5918 23.0352 20.5664 18.5195 16.9375 15.7422 15.1934 14.9336 15.4746 16.1758 17.8613 19.5 22.1953 24.6602 28.7988 28.4727 28.9336 28.6387 27.8379 26.1836 23.9453 21.3281 18.5352 15.8711 13.3359 11.1934 9.27148 7.80664 6.56836 5.76953 5.1875 5.00781 0 
0 1494.2 1494.21 1494.21 1494.22 1494.22 1494.22 1494.32 1494.15 1493.96 1492.44 1490.33 1486.15 1475.41 1452.34 0 870.178 846.842 826.537 813.568 805.066 800.264 797.656 797.309 797.668 797.711 797.783 797.986 0 0 0 0 0 0 0 0 0 0 0 0 0 0 0 0 32.4707 32.5098 32.0352 30.6621 28.6816 26.6719 24.209 22.082 19.6719 17.8145 16.0293 14.7949 13.998 13.5137 13.4863 13.6738 14.4297 15.3477 16.9121 18.4141 20.1641 0 22.5352 22.3184 21.9922 21.2363 19.998 18.4336 16.5059 14.5703 12.5293 10.7324 9.00781 7.625 6.39062 5.50586 4.78906 4.40039 4.19336 0 
0 1593.81 1593.82 1593.82 1593.83 1593.92 1594.12 1593.46 1591.7 1589.53 1583.56 1572.18 1548.41 1500 1401.29 1203.74 1046.52 978.375 942.348 920.84 908.947 901.809 898.125 897.053 896.934 896.99 897.064 897.145 0 0 0 0 0 0 0 0 0 0 0 0 0.857422 2.75195 7.17188 13.5918 23.3398 27.3926 28.4414 27.3262 25.498 23.5781 21.8203 19.3574 17.7285 15.6543 14.1699 13.3145 12.7891 12.5586 12.5059 12.6562 13.0234 13.7559 14.7773 16.1504 17.6797 0 17.3105 17.0762 16.7109 16.0547 15.2051 13.9922 12.7188 11.2207 9.8457 8.41797 7.22266 6.08984 5.2168 4.46289 3.9707 3.61328 3.50195 0 
0 1693.42 1693.43 1693.43 1693.79 1693.38 1691.8 1690 1686.09 1679.43 1666.71 1643.5 1603.14 1535 1430.77 1291.95 1171.78 1098.02 1054.34 1028.16 1012.31 1003.66 998.893 996.885 996.699 996.736 996.768 996.883 0 99.6133 99.6152 99.6152 99.6152 99.6152 99.6152 99.6152 99.6152 99.6152 99.6152 99.6152 100.307 102.719 106.361 111.842 118.316 122.445 124.445 124.584 122.928 121.193 119.084 117.385 115.031 114.039 113.408 112.871 112.428 112.064 111.867 112.018 112.627 113.152 113.818 114.473 115.357 0 13.0488 12.8555 12.5117 12.0879 11.3828 10.6152 9.60547 8.63477 7.54492 6.58984 5.62891 4.84766 4.13672 3.60938 3.18945 2.95312 2.8457 0 
0 1793.02 1793.52 1792.94 1792.73 1790.99 1788.85 1785.11 1777.78 1765.69 1744.89 1712.28 1660.39 1586.44 1488.59 1378.22 1278.33 1207.16 1160.83 1131.96 1114.72 1104.54 1099.5 1097.38 1096.44 1096.44 1096.44 1096.55 0 199.225 199.229 199.229 199.229 199.229 199.229 199.229 199.229 199.229 199.229 199.229 200.365 202.762 205.932 209.943 214.926 219.303 221.658 222.281 220.088 219.281 217.045 215.775 214.273 213.521 212.912 212.256 211.99 211.385 211.91 212.033 212.27 212.5 212.855 213.674 214.301 0 9.58984 9.4375 9.27734 8.92188 8.51172 7.89062 7.26367 6.49609 5.78711 5.0332 4.38281 3.76172 3.26367 2.84375 2.55273 2.35547 2.28906 0 
0 0 0 0 0 0 0 0 0 0 0 0 0 0 0 0 0 0 0 0 0 0 0 0 0 0 0 0 0 0 0 0 0 0 0 0 0 0 0 0 0 0 0 0 0 0 0 0 0 0 0 0 0 0 0 0 0 0 0 0 0 0 0 0 0 0 6.65039 6.74414 6.68555 6.54883 6.23047 5.87305 5.37891 4.89062 4.33984 3.83789 3.33398 2.90625 2.52148 2.2207 1.99219 1.85938 1.80469 0 
0 0 0 0 0 0 0 0 0 0 0 0 0 0 0 0 0 0 0 0 0 0 0 0 0 0 0 0 0 0 0 0 0 0 0 0 0 0 0 0 0 0 0 0 0 0 0 0 0 0 0 0 0 0.00195312 0.00976562 0.0214844 0.0449219 0.0742188 0.125 0.195312 0.296875 0.455078 0.685547 1.03906 1.58594 2.46484 4.02539 4.55664 4.74219 4.69336 4.55078 4.2793 3.98242 3.61133 3.25 2.86914 2.52539 2.20508 1.92969 1.70703 1.54492 1.44141 1.4082 0 
0 0 0 0 0 0 0 0 0 0 0 0 0 0 0 0 0 0 0 0 0 0 0 0 0 0 0 0 0 0 0 0 0 0 0 0 0 0 0 0 0 0 0 0 0 0 0 0 0 0 0 0 0 0 0.0078125 0.0195312 0.0371094 0.0703125 0.113281 0.177734 0.275391 0.414062 0.623047 0.919922 1.34961 1.94531 2.67773 3.11914 3.30859 3.35156 3.26367 3.11719 2.89844 2.66211 2.39648 2.13477 1.88672 1.6543 1.45898 1.29492 1.17773 1.10352 1.08203 0 
0 0 0 0 0 0 0 0 0 0 0 0 0 0 0 0 0 0 0 0 0 0 0 0 0 0 0 0 0 0 0 0 0 0 0 0 0 0 0 0 0 0 0 0 0 0 0 0 0 0 0 0 0 0 0.00390625 0.0117188 0.03125 0.0566406 0.0996094 0.15625 0.242188 0.361328 0.527344 0.761719 1.07031 1.45312 1.85547 2.15039 2.31836 2.37109 2.33984 2.24023 2.10547 1.93945 1.75781 1.57812 1.39453 1.23242 1.08984 0.976562 0.888672 0.839844 0.822266 0 
0 0 0 0 0 0 0 0 0 0 0 0 0 0 0 0 0 0 0 0 0 0 0 0 0 0 0 0 0 0 0 0 0 0 0 0 0 0 0 0 0 0 0 0 0 0 0 0 0 0 0 0 0 0 0 0.00976562 0.0253906 0.0507812 0.0820312 0.132812 0.199219 0.298828 0.431641 0.603516 0.820312 1.06445 1.3125 1.50781 1.62891 1.68359 1.66992 1.61523 1.52344 1.4082 1.28906 1.1543 1.03125 0.912109 0.810547 0.728516 0.667969 0.628906 0.621094 0 
0 0 0 0 0 0 0 0 0 0 0 0 0 0 0 0 0 0 0 0 0 0 0 0 0 0 0 0 0 0 0 0 0 0 0 0 0 0 0 0 0 0 0 0 0 0 0 0 0 0 0 0 0 0 0 0.00585938 0.0195312 0.0351562 0.0703125 0.109375 0.169922 0.244141 0.345703 0.470703 0.619141 0.785156 0.943359 1.07422 1.16211 1.20703 1.20898 1.17383 1.11328 1.03906 0.947266 0.861328 0.765625 0.685547 0.605469 0.548828 0.503906 0.476562 0.470703 0 
0 0 0 0 0 0 0 0 0 0 0 0 0 0 0 0 0 0 0 0 0 0 0 0 0 0 0 0 0 0 0 0 0 0 0 0 0 0 0 0 0 0 0 0 0 0 0 0 0 0 0 0 0 0 0 0.00390625 0.0136719 0.0332031 0.0546875 0.0917969 0.138672 0.203125 0.279297 0.371094 0.480469 0.591797 0.703125 0.792969 0.857422 0.894531 0.902344 0.876953 0.839844 0.779297 0.722656 0.650391 0.589844 0.521484 0.470703 0.421875 0.388672 0.369141 0.367188 0 
0 0 0 0 0 0 0 0 0 0 0 0 0 0 0 0 0 0 0 0 0 0 0 0 0 0 0 0 0 0 0 0 0 0 0 0 0 0 0 0 0 0 0 0 0 0 0 0 0 0 0 0 0 0 0 0 0.0078125 0.0234375 0.0488281 0.0820312 0.119141 0.171875 0.234375 0.310547 0.392578 0.480469 0.558594 0.628906 0.679688 0.710938 0.71875 0.705078 0.667969 0.634766 0.578125 0.535156 0.474609 0.429688 0.382812 0.351562 0.318359 0.306641 0.306641 0 
0 0 0 0 0 0 0 0 0 0 0 0 0 0 0 0 0 0 0 0 0 0 0 0 0 0 0 0 0 0 0 0 0 0 0 0 0 0 0 0 0 0 0 0 0 0 0 0 0 0 0 0 0 0 0 0.00195312 0.00976562 0.0234375 0.0449219 0.0742188 0.111328 0.158203 0.216797 0.28125 0.357422 0.425781 0.5 0.554688 0.603516 0.628906 0.644531 0.625 0.605469 0.560547 0.527344 0.472656 0.433594 0.384766 0.351562 0.314453 0.292969 0.277344 0.28125 0 
0 0 0 0 0 0 0 0 0 0 0 0 0 0 0 0 0 0 0 0 0 0 0 0 0 0 0 0 0 0 0 0 0 0 0 0 0 0 0 0 0 0 0 0 0 0 0 0 0 0 0 0 0 0 0 0 0 0 0 0 0 0 0 0 0 0 0 0 0 0 0 0 0 0 0 0 0 0 0 0 0 0 0 0 
0 0 0 00 0 0 00 0 0 00 0 0 00 0 0 00 0 0 00 0 0 00 0 0 00 0 0 00 0 0 00 0 0 00 0 0 00 0 0 00 0 0 00 0 0 00 0 0 00 0 0 00 0 0 00 0 0 00 0 0 00 0 0 00 0 0 00 0 0 00 0 0 00 0 0 00 0 0 00 0 0 00 0 0 00 0 0 00 0 0 00 0 0 00 0 0 00 0 0 00 0 0 00 0 0 00 0 0 00 0 0 00 0 0 00 0 0 00 0 0 00 0 0 00 0 0 00 0 0 00 0 0 00 0 0 00 0 0 00 0 0 00 0 0 00 0 0 00 0 0 00 0 0 00 0 0 00 0 0 00 0 0 00 0 0 00 0 0 00 0 0 00 0 0 00 0 0 00 0 0 00 0 0 00 0 0 00 0 0 00 0 0 00 0 0 00 0 0 00 0 0 00 0 0 00 0 0 00 0 0 00 0 0 00 0 0 00 0 0 00 0 0 00 0 0 00 0 0 00 0 0 00 0 0 00 0 0 00 0 0 00 0 0 00 0 0 00 0 0 00 0 0 0
0 0 0 00 0 0 00 0 0 00 0 0 00 0 0 00 0 0 00 0 0 00 0 0 00 0 0 00 0 0 00 0 0 00 0 0 00 0 0 00 0 0 00 0 0 00 0 0 00 0 0 00 0 0 00 0 0 00 0 0 00 0 0 00 0 0 00 0 0 00 0 0 00 0 0 00 0 0 00 0 0 00 0 0 00 0 0 00 0 0 00 0 0 00 0 0 00 0 0 00 0 0 00 0 0 00 0 0 00 0 0 00 0 0 00 0 0 00 0 0 00 0 0 00 0 0 00 0 0 00 0 0 00 0 0 00 0 0 00 0 0 00 0 0 00 0 0 00 0 0 00 0 0 00 0 0 00 0 0 00 0 0 00 0 0 00 0 0 00 0 0 00 0 0 00 0 0 00 0 0 00 0 0 00 0 0 00 0 0 00 0 0 00 0 0 00 0 0 00 0 0 00 0 0 00 0 0 00 0 0 00 0 0 00 0 0 00 0 0 00 0 0 00 0 0 00 0 0 00 0 0 00 0 0 00 0 0 00 0 0 00 0 0 00 0 0 00 0 0 00 0 0 0
0 0 0 00 0 0 00 0 0 00 0 0 00 0 0 00 0 0 00 0 0 00 0 0 00 0 0 00 0 0 00 0 0 00 0 0 00 0 0 00 0 0 00 0 0 00 0 0 00 0 0 00 0 0 00 0 0 00 0 0 00 0 0 00 0 0 00 0 0 00 0 0 00 0 0 00 0 0 00 0 0 00 0 0 00 0 0 00 0 0 00 0 0 00 0 0 00 0 0 00 0 0 00 0 0 00 0 0 00 0 0 00 0 0 00 0 0 00 0 0 00 0 0 00 0 0 00 0 0 00 0 0 00 0 0 00 0 0 00 0 0 00 0 0 00 0 0 00 0 0 00 0 0 00 0 0 00 0 0 00 0 0 00 0 0 00 0 0 00 0 0 00 0 0 00 0 0 00 0 0 00 0 0 00 0 0 00 0 0 00 0 0 00 0 0 00 0 0 00 0 0 00 0 0 00 0 0 00 0 0 00 0 0 00 0 0 00 0 0 00 0 0 00 0 0 00 0 0 00 0 0 00 0 0 00 0 0 00 0 0 00 0 0 00 0 0 00 0 0 00 0 0 0
0 0 0 00 0 0 00 0 0 00 0 0 00 0 0 00 0 0 00 0 0 00 0 0 00 0 0 00 0 0 00 0 0 00 0 0 00 0 0 00 0 0 00 0 0 00 0 0 00 0 0 00 0 0 00 0 0 00 0 0 00 0 0 00 0 0 00 0 0 00 0 0 00 0 0 00 0 0 00 0 0 00 0 0 00 0 0 00 0 0 00 0 0 00 0 0 00 0 0 00 0 0 00 0 0 00 0 0 00 0 0 00 0 0 00 0 0 00 0 0 00 0 0 00 0 0 00 0 0 00 0 0 00 0 0 00 0 0 00 0 0 00 0 0 00 0 0 00 0 0 00 0 0 00 0 0 00 0 0 00 0 0 00 0 0 00 0 0 00 0 0 00 0 0 00 0 0 00 0 0 00 0 0 00 0 0 00 0 0 00 0 0 00 0 0 00 0 0 00 0 0 00 0 0 00 0 0 00 0 0 00 0 0 00 0 0 00 0 0 00 0 0 00 0 0 00 0 0 00 0 0 00 0 0 00 0 0 00 0 0 00 0 0 00 0 0 00 0 0 00 0 0 0
0 0 0 00 0 0 00 0 0 00 0 0 00 0 0 00 0 0 00 0 0 00 0 0 00 0 0 00 0 0 00 0 0 00 0 0 00 0 0 00 0 0 00 0 0 00 0 0 00 0 0 00 0 0 00 0 0 00 0 0 00 0 0 00 0 0 00 0 0 00 0 0 00 0 0 00 0 0 00 0 0 00 0 0 00 0 0 00 0 0 00 0 0 00 0 0 00 0 0 00 0 0 00 0 0 00 0 0 00 0 0 00 0 0 00 0 0 00 0 0 00 0 0 00 0 0 00 0 0 00 0 0 00 0 0 00 0 0 00 0 0 00 0 0 00 0 0 00 0 0 00 0 0 00 0 0 00 0 0 00 0 0 00 0 0 00 0 0 00 0 0 00 0 0 00 0 0 00 0 0 00 0 0 00 0 0 00 0 0 00 0 0 00 0 0 00 0 0 00 0 0 00 0 0 00 0 0 00 0 0 00 0 0 00 0 0 00 0 0 00 0 0 00 0 0 00 0 0 00 0 0 00 0 0 00 0 0 00 0 0 00 0 0 00 0 0 00 0 0 00 0 0 0
0 0 0 00 0 0 00 0 0 00 0 0 00 0 0 00 0 0 00 0 0 00 0 0 00 0 0 00 0 0 00 0 0 00 0 0 00 0 0 00 0 0 00 0 0 00 0 0 00 0 0 00 0 0 00 0 0 00 0 0 00 0 0 00 0 0 00 0 0 00 0 0 00 0 0 00 0 0 00 0 0 00 0 0 00 0 0 00 0 0 00 0 0 00 0 0 00 0 0 00 0 0 00 0 0 00 0 0 00 0 0 00 0 0 00 0 0 00 0 0 00 0 0 00 0 0 00 0 0 00 0 0 00 0 0 00 0 0 00 0 0 00 0 0 00 0 0 00 0 0 00 0 0 00 0 0 00 0 0 00 0 0 00 0 0 00 0 0 00 0 0 00 0 0 00 0 0 00 0 0 00 0 0 00 0 0 00 0 0 00 0 0 00 0 0 00 0 0 00 0 0 00 0 0 00 0 0 00 0 0 00 0 0 00 0 0 00 0 0 00 0 0 00 0 0 00 0 0 00 0 0 00 0 0 00 0 0 00 0 0 00 0 0 00 0 0 00 0 0 00 0 0 0
0 0 0 00 0 0 00 0 0 00 0 0 00 0 0 00 0 0 00 0 0 00 0 0 00 0 0 00 0 0 00 0 0 00 0 0 00 0 0 00 0 0 00 0 0 00 0 0 00 0 0 00 0 0 00 0 0 00 0 0 00 0 0 00 0 0 00 0 0 00 0 0 00 0 0 00 0 0 00 0 0 00 0 0 00 0 0 00 0 0 00 0 0 00 0 0 00 0 0 00 0 0 00 0 0 00 0 0 00 0 0 00 0 0 00 0 0 00 0 0 00 0 0 00 0 0 00 0 0 0.00781250 0.0175781 0 00 0 0.00976562 00 0 0 00 0 0 00 0 0 00 0 0 00 0 0 00 0 0 00 0 0 00 0 0 00 0 0 00 0 0 00 0 0 00 0 0 00 0 0 00 0 0 00 0 0 00 0 0 00 0 0 00 0 0 00 0 0 00 0 0 00 0 0 00 0 0 00 0 0 00 0 0 00 0 0 00 0 0 00 0 0 00 0 0 00 0 0 00 0 0 00 0 0 00 0 0 00 0 0 00 0 0 00 0 0 00 0 0 00 0 0 00 0 0 00 0 0 0
0 0 0 00 0 0 00 0 0 00 0 0 00 0 0 00 0 0 00 0 0 00 0 0 00 0 0 00 0 0 00 0 0 00 0 0 00 0 0 00 0 0 00 0 0 00 0 0 00 0 0 00 0 0 00 0 0 00 0 0 00 0 0 00 0 0 00 0 0 00 0 0 00 0 0 00 0 0 00 0 0 00 0 0 00 0 0 00 0 0 00 0 0 00 0 0 00 0 0 00 0 0 00 0 0 00 0 0 00 0 0 00 0 0 00 0 0 00 0 0 00 0 0 00 0 0 00.0078125 0 0 00 0 0.0078125 0.009765620.00976562 0 0 00 0 0 00 0.0683594 0 00 0 0.0683594 00 0 0 00 0 0 00 0 0 00 0 0 00 0 0 00 0 0 00 0 0 00 0 0 00 0 0 00 0 0 00 0 0 00 0 0 00 0 0 00 0 0 00 0 0 00 0 0 00 0 0 00 0 0 00 0 0 00 0 0 00 0 0 00 0 0 00 0 0 00 0 0 00 0 0 00 0 0 00 0 0 00 0 0 00 0 0 00 0 0 00 0 0 00 0 0 00 0 0 00 0 0 00 0 0 00 0 0 0
0 0 0 00 0 0 00 0 0 00 0 0 00 0 0 00 0 0 00 0 0 00 0 0 00 0 0 00 0 0 00 0 0 00 0 0 00 0 0 00 0 0 00 0 0 00 0 0 00 0 0 00 0 0 00 0 0 00 0 0 00 0 0 00 0 0 00 0 0 00 0 0 00 0 0 00 0 0 00 0 0 00 0 0 00 0 0 00 0 0 00 0 0 00 0 0 00 0 0 00 0 0 00 0 0 00 0 0 00 0 0 00 0 0 00 0 0 0.02148440 0.0214844 0 00 0.00195312 0 00 0 0 00 0.00390625 0 00 0 0 00 0 0 00 0 0 00 0 0 0.06835940.0683594 0 0 00 0 0 00 0 0 00 0 0 00 0 0 00 0 0 00 0 0 00 0 0 00 0 0 00 0 0 00 0 0 00 0 0 00 0 0 00 0 0 00 0 0 00 0 0 00 0 0 00 0 0 00 0 0 00 0 0 00 0 0 00 0 0 00 0 0 00 0 0 00 0 0 00 0 0 00 0 0 00 0 0 00 0 0 00 0 0 00 0 0 00 0 0 00 0 0 00 0 0 00 0 0 00 0 0 00 0 0 0
0 0 0 00 0 0 00 0 0 00 0 0 00 0 0 00 0 0 00 0 0 00 0 0 00 0 0 00 0 0 00 0 0 00 0 0 00 0 0 00 0 0 00 0 0 00 0 0 00 0 0 00 0 0 00 0 0 00 0 0 00 0 0 00 0 0 00 0 0 00 0 0 00 0 0 00 0 0 00 0 0 00 0 0 00 0 0 00 0 0 00 0 0 00 0 0 00 0 0 00 0 0 00 0 0 00 0 0 00 0 0 00 0 0 00.0214844 0 0 00 0 0.0214844 00.00195312 0 0 00 0 0 00.00390625 0 0 00 0 0 00 0 0 00 0 0 00 0 0 00 0 0 00 0 0 00 0.00195312 0 00 0.0253906 0 00 0 0.0253906 00 0 0 00 0 0 00 0 0 00 0 0 00 0 0 00 0 0 00 0 0 00 0 0 00 0 0 00 0 0 00 0 0 00 0 0 00 0 0 00 0 0 00 0 0 00 0 0 00 0 0 00 0 0 00 0 0 00 0 0 00 0 0 00 0 0 00 0 0 00 0 0 00 0 0 00 0 0 00 0 0 00 0 0 00 0 0 00 0 0 00 0 0 00 0 0 0
0 0 0 00 0 0 00 0 0 00 0 0 00 0 0 00 0 0 00 0 0 00 0 0 00 0 0 00 0 0 00 0 0 00 0 0 00 0 0 00 0 0 00 0 0 00 0 0 00 0 0 00 0 0 00 0 0 00 0 0 00 0 0 00 0 0 00 0 0 00 0 0 00 0 0 00 0 0 00 0 0 00 0 0 00 0 0 00 0 0 00 0 0 00 0 0 00 0 0 00 0 0 00 0 0 00 0 0 00 0 0 00 0 0 00 0 0 00 0 0 00 0 0 00 0 0 00 0 0 00 0 0 00 0 0 00 0 0 00 0 0 00 0 0 00 0 0 00.00195312 0 0 00 0.0253906 0 00.0253906 0 0 00 0 0 00 0 0 00 0 0 00 0 0 00 0 0 00 0 0 00 0 0 00 0 0 00 0 0 00 0 0 00 0 0 00 0 0 00 0 0 00 0 0 00 0 0 00 0 0 00 0 0 00 0 0 00 0 0 00 0 0 00 0 0 00 0 0 00 0 0 00 0 0 00 0 0 00 0 0 00 0 0 00 0 0 00 0 0 00 0 0 00 0 0 00 0 0 0
0 0 0 00 0 0 00 0 0 00 0 0 00 0 0 00 0 0 00 0 0 00 0 0 00 0 0 00 0 0 00 0 0 00 0 0 00 0 0 00 0 0 00 0 0 00 0 0 00 0 0 00 0 0 00 0 0 00 0 0 00 0 0 00 0 0 00 0 0 00 0 0 00 0 0 00 0 0 00 0 0 00 0 0 00 0 0 00 0 0 00 0 0 00 0 0 00 0 0 00 0 0 00 0 0 00 0 0 00 0 0 00 0 0 00 0 0 00 0 0 00 0 0 00 0 0 00 0 0 00 0 0 00 0 0 00 0 0 00 0 0 00 0 0 00 0 0 00 0 0 00 0 0 0.02539060.0253906 0 0 00 0 0 00 0 0 00 0 0 00 0 0 00 0 0 00 0 0 00 0 0 00 0 0 00 0 0 00 0 0 00 0 0 00 0 0 00 0 0 00 0 0 00 0 0 00 0 0 00 0 0 00 0 0 00 0 0 00 0 0 00 0 0 00 0 0 00 0 0 00 0 0 00 0 0 00 0 0 00 0 0 00 0 0 00 0 0 00 0 0 00 0 0 00 0 0 0
0 0 0 00 0 0 00 0 0 00 0 0 00 0 0 00 0 0 00 0 0 00 0 0 00 0 0 00 0 0 00 0 0 00 0 0 00 0 0 00 0 0 00 0 0 00 0 0 00 0 0 00 0 0 00 0 0 00 0 0 00 0 0 00 0 0 00 0 0 00 0 0 00 0 0 00 0 0 00 0 0 00 0 0 00 0 0 00 0 0 00 0 0 00 0 0 00 0 0 00 0 0 00 0 0 00 0 0 00 0 0 00 0 0 00 0 0 00 0 0 00 0 0 00 0 0 00 0 0 00 0 0 00 0 0 00 0 0 00 0 0 00 0 0 00 0 0 00 0 0 00 0 0 00 0 0 00 0 0 00 0 0 00 0 0 00 0 0 00 0 0 00 0 0 00 0 0 00 0 0 00 0 0 00 0 0 00 0 0 00 0 0 00 0 0 00 0 0 00 0 0 00 0 0 00 0 0 00 0 0 00 0 0 00 0 0 00 0 0 00 0 0 00 0 0 00 0 0 00 0 0 00 0 0 00 0 0 00 0 0 00 0 0 00 0 0 00 0 0 00 0 0 0
0 0 0 00 0 0 00 0 0 00 0 0 00 0 0 00 0 0 00 0 0 00 0 0 00 0 0 00 0 0 00 0 0 00 0 0 00 0 0 00 0 0 00 0 0 00 0 0 00 0 0 00 0 0 00 0 0 00 0 0 00 0 0 00 0 0 00 0 0 00 0 0 00 0 0 00 0 0 00 0 0 00 0 0 00 0 0 00 0 0 00 0 0 00 0 0 00 0 0 00 0 0 00 0 0 00 0 0 00 0 0 00 0 0 00 0 0 00 0 0 00 0 0 00 0 0 00 0 0 00 0 0 00 0 0 00 0 0 00 0 0 00 0 0 00 0 0 00 0 0 00 0 0 00 0 0 00 0 0 00 0 0 00 0 0 00 0 0 00 0 0 00 0 0 00 0 0 00 0 0 00 0 0 00 0 0 00 0 0 00 0 0 00 0 0 00 0 0 00 0 0 00 0 0 0.001953120 0 0 0.06445310 0.0644531 0 00 0 0 0.2128910 0.212891 0 00 0 0 00 0 0 00 0 0 00 0 0 00 0 0 00 0 0 00 0 0 00 0 0 00 0 0 00 0 0 00 0 0 00 0 0 0
0 0 0 00 0 0 00 0 0 00 0 0 00 0 0 00 0 0 00 0 0 00 0 0 00 0 0 00 0 0 00 0 0 00 0 0 00 0 0 00 0 0 00 0 0 00 0 0 00 0 0 00 0 0 00 0 0 00 0 0 00 0 0 00 0 0 00 0 0 00 0 0 00 0 0 00 0 0 00 0 0 00 0 0 00 0 0 00 0 0 00 0 0 00 0 0 00 0 0 00 0 0 00 0 0 00 0 0 00 0 0 00 0 0 00 0 0 00 0 0 00 0 0 00 0 0 00 0 0 00 0 0 00 0 0 00 0 0 00 0 0 00 0 0 00 0 0 00 0 0 00 0 0 00 0 0 00 0 0 00 0 0 00 0 0 00 0 0 00 0 0 00 0 0 00 0 0 00 0 0 00 0 0 00 0 0 00 0 0 00 0 0 00 0 0 00 0 0 00 0 0 00.00195312 0 0 00.0625 0 0.00195312 00 0 0.0644531 00.212891 0.0585938 0 00 0 0.271484 00 0 0 00 0 0 00 0 0 00 0 0 00 0 0 00 0 0 00 0 0 00 0 0 00 0 0 00 0 0 00 0 0 00 0 0 0
0 0 0 00 0 0 00 0 0 00 0 0 00 0 0 00 0 0 00 0 0 00 0 0 00 0 0 00 0 0 00 0 0 00 0 0 00 0 0 00 0 0 00 0 0 00 0 0 00 0 0 00 0 0 00 0 0 00 0 0 00 0 0 00 0 0 00 0 0 00 0 0 00 0 0 00 0 0 00 0 0 00 0 0 00 0 0 00 0 0 00 0 0 00 0 0 00 0 0 00 0 0 00 0 0 00 0 0 00 0 0 00 0 0 00 0 0 00 0 0 00 0 0 00 0 0 00 0 0 00 0 0 00 0 0 00 0 0 00 0 0 00 0 0 00 0 0 00 0 0 00 0 0 00 0 0 00 0 0 00 0 0 00 0 0 00 0 0 00 0 0 00 0 0 00 0 0 00 0 0 00 0 0 00 0 0 00 0 0 00 0 0 00 0 0 00 0 0 00 0 0 00 0 0 00 0 0 00 0 0 00 0 0 0.05859380.0585938 0 0 00 0 0 00 0 0 00 0 0 00 0 0 00 0 0 00 0 0 00 0 0 00 0 0 00 0 0 00 0 0 00 0 0 00 0 0 0
0 0 0 00 0 0 00 0 0 00 0 0 00 0 0 00 0 0 00 0 0 00 0 0 00 0 0 00 0 0 00 0 0 00 0 0 00 0 0 00 0 0 00 0 0 00 0 0 00 0 0 00 0 0 00 0 0 00 0 0 00 0 0 00 0 0 00 0 0 00 0 0 00 0 0 00 0 0 00 0 0 00 0 0 00 0 0 00 0 0 00 0 0 00 0 0 00 0 0 00 0 0 00 0 0 00 0 0 00 0 0 00 0 0 00 0 0 00 0 0 00 0 0 00 0 0 00 0 0 00 0 0 00 0 0 00 0 0 00 0 0 00 0 0 00 0 0 00 0 0 00 0 0 00 0 0 00 0 0 00 0 0 00 0 0 00 0 0 00 0 0 00 0 0 00 0 0 00 0 0 00 0 0 00 0 0 00 0 0 00 0 0 00 0 0 00 0 0 00 0 0 00 0 0 00 0 0 00 0 0 00 0 0 00 0 0 00 0 0 00 0 0 00 0 0 00 0 0 00 0 0 00 0 0 00 0 0 00 0 0 00 0 0 00 0 0 00 0 0 00 0 0 0
0 0 0 00 0 0 00 0 0 00 0 0 00 0 0 00 0 0 00 0 0 00 0 0 00 0 0 00 0 0 00 0 0 00 0 0 00 0 0 00 0 0 00 0 0 00 0 0 00 0 0 00 0 0 00 0 0 00 0 0 00 0 0 00 0 0 00 0 0 00 0 0 00 0 0 00 0 0 00 0 0 00 0 0 00 0 0 00 0 0 00 0 0 00 0 0 00 0 0 00 0 0 00 0 0 00 0 0 00 0 0 00 0 0 00 0 0 00 0 0 00 0 0 00 0 0 00 0 0 00 0 0 00 0 0 00 0 0 00 0 0 00 0 0 00 0 0 00 0 0 00 0 0 00 0 0 00 0 0 00 0 0 00 0 0 00 0 0 00 0 0 00 0 0 00 0 0 00 0 0 00 0 0 00 0 0 00 0 0 00 0 0 00 0 0 00 0 0 00 0 0 00 0 0 00 0 0 00 0 0 00 0 0 00 0 0 00 0 0 00 0 0 00 0 0 00 0 0 00 0 0 00 0 0 00 0 0 00 0 0 00 0 0 00 0 0 00 0 0 00 0 0 0
0 0 0 00 0 0 00 0 0 00 0 0 00 0 0 00 0 0 00 0 0 00 0 0 00 0 0 00 0 0 00 0 0 00 0 0 00 0 0 00 0 0 00 0 0 00 0 0 00 0 0 00 0 0 00 0 0 00 0 0 00 0 0 00 0 0 00 0 0 00 0 0 00 0 0 00 0 0 00 0 0 00 0 0 00 0 0 00 0 0 00 0 0 00 0 0 00 0 0 00 0 0 00 0 0 00 0 0 00 0 0 00 0 0 00 0 0 00 0 0 00 0 0 00 0 0 00 0 0 00 0 0 00 0 0 00 0 0 00 0 0 00 0 0 00 0 0 00 0 0 00 0 0 00 0 0 00 0 0 00 0 0 00 0 0 00 0 0 00 0 0 00 0 0 00 0 0 00 0 0 00 0 0 00 0 0 00 0 0 00 0 0 00 0 0 00 0 0 00 0 0 00 0 0 00 0 0 00 0 0 00 0 0 00 0 0 00 0 0 00 0 0 00 0 0 00 0 0 00 0 0 00 0 0 00 0 0 00 0 0 00 0 0 00 0 0 00 0 0 00 0 0 0
0 0 0 00 0 0 00 0 0 00 0 0 00 0 0 00 0 0 00 0 0 00 0 0 00 0 0 00 0 0 00 0 0 00 0 0 00 0 0 00 0 0 00 0 0 00 0 0 00 0 0 00 0 0 00 0 0 00 0 0 00 0 0 00 0 0 00 0 0 00 0 0 00 0 0 00 0 0 00 0 0 00 0 0 00 0 0 00 0 0 00 0 0 00 0 0 00 0 0 00 0 0 00 0 0 00 0 0 00 0 0 00 0 0 00 0 0 00 0 0 00 0 0 00 0 0 00 0 0 00 0 0 00 0 0 00 0 0 00 0 0 00 0 0 00 0 0 00 0 0 00 0 0 00 0 0 00 0 0 00 0 0 00 0 0 00 0 0 00 0 0 00 0 0 00 0 0 00 0 0 00 0 0 00 0 0 00 0 0 00 0 0 00 0 0 00 0 0 00 0 0 00 0 0 00 0 0 00 0 0 00 0 0 00 0 0 00 0 0 00 0 0 00 0 0 00 0 0 00 0 0 00 0 0 00 0 0 00 0 0 00 0 0 00 0 0 00 0 0 00 0 0 0
0 0 0 00 0 0 00 0 0 00 0 0 00 0 0 00 0 0 00 0 0 00 0 0 00 0 0 00 0 0 00 0 0 00 0 0 00 0 0 00 0 0 00 0 0 00 0 0 00 0 0 00 0 0 00 0 0 00 0 0 00 0 0 00 0 0 00 0 0 00 0 0 00 0 0 00 0 0 00 0 0 00 0 0 00 0 0 00 0 0 00 0 0 00 0 0 00 0 0 00 0 0 00 0 0 00 0 0 00 0 0 00 0 0 00 0 0 00 0 0 00 0 0 00 0 0 00 0 0 00 0 0 00 0 0 00 0 0 00 0 0 00 0 0 00 0 0 00 0 0 00 0 0 00 0 0 00 0 0 00 0 0 00 0 0 00 0 0 00 0 0 00 0 0 00 0 0 00 0 0 00 0 0 00 0 0 00 0 0 00 0 0 00 0 0 00 0 0 00 0 0 00 0 0 00 0 0 00 0 0 00 0 0 00 0 0 00 0 0 00 0 0 00 0 0 00 0 0 00 0 0 00 0 0 00 0 0 00 0 0 00 0 0 00 0 0 00 0 0 00 0 0 0
0 0 0 00 0 0 00 0 0 00 0 0 00 0 0 00 0 0 00 0 0 00 0 0 00 0 0 00 0 0 00 0 0 00 0 0 00 0 0 00 0 0 00 0 0 00 0 0 00 0 0 00 0 0 00 0 0 00 0 0 00 0 0 00 0 0 00 0 0 00 0 0 00 0 0 00 0 0 00 0 0 00 0 0 00 0 0 00 0 0 00 0 0 00 0 0 00 0 0 00 0 0 00 0 0 00 0 0 00 0 0 00 0 0 00 0 0 00 0 0 00 0 0 00 0 0 00 0 0 00 0 0 00 0 0 00 0 0 00 0 0 00 0 0 00 0 0 00 0 0 00 0 0 00 0 0 00 0 0 00 0 0 00 0 0 00 0 0 00 0 0 00 0 0 00 0 0 00 0 0 00 0 0 00 0 0 00 0 0 00 0 0 00 0 0 00 0 0 00 0 0 00 0 0 00 0 0 00 0 0 00 0 0 00 0 0 00 0 0 00 0 0 00 0 0 00 0 0 00 0 0 00 0 0 00 0 0 00 0 0 00 0 0 00 0 0 00 0 0 00 0 0 0
0 0 0 00 0 0 00 0 0 00 0 0 00 0 0 00 0 0 00 0 0 00 0 0 00 0 0 00 0 0 00 0 0 00 0 0 00 0 0 00 0 0 00 0 0 00 0 0 00 0 0 00 0 0 00 0 0 00 0 0 00 0 0 00 0 0 00 0 0 00 0 0 00 0 0 00 0 0 00 0 0 00 0 0 00 0 0 00 0 0 00 0 0 00 0 0 00 0 0 00 0 0 00 0 0 00 0 0 00 0 0 00 0 0 00 0 0 00 0 0 00 0 0 00 0 0 00 0 0 00 0 0 00 0 0 00 0 0 00 0 0 00 0 0 00 0 0 00 0 0 00 0 0 00 0 0 00 0 0 00 0 0 00 0 0 00 0 0 00 0 0 00 0 0 00 0 0 00 0 0 00 0 0 00 0 0 00 0 0 00 0 0 00 0 0 00 0 0 00 0 0 00 0 0 00 0 0 00 0 0 00 0 0 00 0 0 00 0 0 00 0 0 00 0 0 00 0 0 00 0 0 00 0 0 00 0 0 00 0 0 00 0 0 00 0 0 00 0 0 00 0 0 0
0 0 0 00 0 0 00 0 0 00 0 0 00 0 0 00 0 0 00 0 0 00 0 0 00 0 0 00 0 0 00 0 0 00 0 0 00 0 0 00 0 0 00 0 0 00 0 0 00 0 0 00 0 0 00 0 0 00 0 0 00 0 0 00 0 0 00 0 0 00 0 0 00 0 0 00 0 0 00 0 0 00 0 0 00 0 0 00 0 0 00 0 0 00 0 0 00 0 0 00 0 0 00 0 0 00 0 0 00 0 0 00 0 0 00 0 0 00 0 0 00 0 0 00 0 0 00 0 0 00 0 0 00 0 0 00 0 0 00 0 0 00 0 0 00 0 0 00 0 0 00 0 0 00 0 0 00 0 0 00 0 0 00 0 0 00 0 0 00 0 0 00 0 0 00 0 0 00 0 0 00 0 0 00 0 0 00 0 0 00 0 0 00 0 0 00 0 0 00 0 0 00 0 0 00 0 0 00 0 0 00 0 0 00 0 0 00 0 0 00 0 0 00 0 0 00 0 0 00 0 0 00 0 0 00 0 0 00 0 0 00 0 0 00 0 0 00 0 0 00 0 0 0
0 0 0 00 0 0 00 0 0 00 0 0 00 0 0 00 0 0 00 0 0 00 0 0 00 0 0 00 0 0 00 0 0 00 0 0 00 0 0 00 0 0 00 0 0 00 0 0 00 0 0 00 0 0 00 0 0 00 0 0 00 0 0 00 0 0 00 0 0 00 0 0 00 0 0 00 0 0 00 0 0 00 0 0 00 0 0 00 0 0 00 0 0 00 0 0 00 0 0 00 0 0 00 0 0 00 0 0 00 0 0 00 0 0 00 0 0 00 0 0 00 0 0 00 0 0 00 0 0 00 0 0 00 0 0 00 0 0 00 0 0 00 0 0 00 0 0 00 0 0 00 0 0 00 0 0 00 0 0 00 0 0 00 0 0 00 0 0 00 0 0 00 0 0 00 0 0 00 0 0 00 0 0 00 0 0 00 0 0 00 0 0 00 0 0 00 0 0 00 0 0 00 0 0 00 0 0 00 0 0 00 0 0 00 0 0 00 0 0 00 0 0 00 0 0 00 0 0 00 0 0 00 0 0 00 0 0 00 0 0 00 0 0 00 0 0 00 0 0 00 0 0 0
0 0 0 00 0 0 00 0 0 00 0 0 00 0 0 00 0 0 00 0 0 00 0 0 00 0 0 00 0 0 00 0 0 00 0 0 00 0 0 00 0 0 00 0 0 00 0 0 00 0 0 00 0 0 00 0 0 00 0 0 00 0 0 00 0 0 00 0 0 00 0 0 00 0 0 00 0 0 00 0 0 00 0 0 00 0 0 00 0 0 00 0 0 00 0 0 00 0 0 00 0 0 00 0 0 00 0 0 00 0 0 00 0 0 00 0 0 00 0 0 00 0 0 00 0 0 00 0 0 00 0 0 00 0 0 00 0 0 00 0 0 00 0 0 00 0 0 00 0 0 00 0 0 00 0 0 00 0 0 00 0 0 00 0 0 00 0 0 00 0 0 00 0 0 00 0 0 00 0 0 00 0 0 00 0 0 00 0 0 00 0 0 00 0 0 00 0 0 00 0 0 00 0 0 00 0 0 00 0 0 00 0 0 00 0 0 00 0 0 00 0 0 00 0 0 00 0 0 00 0 0 00 0 0 00 0 0 00 0 0 00 0 0 00 0 0 00 0 0 00 0 0 0
0 0 0 00 0 0 00 0 0 00 0 0 00 0 0 00 0 0 00 0 0 00 0 0 00 0 0 00 0 0 00 0 0 00 0 0 00 0 0 00 0 0 00 0 0 00 0 0 00 0 0 00 0 0 00 0 0 00 0 0 00 0 0 00 0 0 00 0 0 00 0 0 00 0 0 00 0 0 00 0 0 00 0 0 00 0 0 00 0 0 00 0 0 00 0 0 00 0 0 00 0 0 00 0 0 00 0 0 00 0 0 00 0 0 00 0 0 00 0 0 00 0 0 00 0 0 00 0 0 00 0 0 00 0 0 00 0 0 00 0 0 00 0 0 00 0 0 00 0 0 00 0 0 00 0 0 00 0 0 00 0 0 00 0 0 00 0 0 00 0 0 00 0 0 00 0 0 00 0 0 00 0 0 00 0 0 00 0 0 00 0 0 00 0 0 00 0 0 00 0 0 00 0 0 00 0 0 00 0 0 00 0 0 00 0 0 00 0 0 00 0 0 00 0 0 00 0 0 00 0 0 00 0 0 00 0 0 00 0 0 00 0 0 00 0 0 00 0 0 00 0 0 0
0 0 0 00 0 0 00 0 0 00 0 0 00 0 0 00 0 0 00 0 0 00 0 0 00 0 0 00 0 0 00 0 0 00 0 0 00 0 0 00 0 0 00 0 0 00 0 0 00 0 0 00 0 0 00 0 0 00 0 0 00 0 0 00 0 0 00 0 0 00 0 0 00 0 0 00 0 0 00 0 0 00 0 0 00 0 0 00 0 0 00 0 0 00 0 0 00 0 0 00 0 0 00 0 0 00 0 0 00 0 0 00 0 0 00 0 0 00 0 0 00 0 0 00 0 0 00 0 0 00 0 0 00 0 0 00 0 0 00 0 0 00 0 0 00 0 0 00 0 0 00 0 0 00 0 0 00 0 0 00 0 0 00 0 0 00 0 0 00 0 0 00 0 0 00 0 0 00 0 0 00 0 0 00 0 0 00 0 0 00 0 0 00 0 0 00 0 0 00 0 0 00 0 0 00 0 0 00 0 0 00 0 0 00 0 0 00 0 0 00 0 0 00 0 0 00 0 0 00 0 0 00 0 0 00 0 0 00 0 0 00 0 0 00 0 0 00 0 0 00 0 0 0
0 0 0 00 0 0 00 0 0 00 0 0 00 0 0 00 0 0 00 0 0 00 0 0 00 0 0 00 0 0 00 0 0 00 0 0 00 0 0 00 0 0 00 0 0 00 0 0 00 0 0 00 0 0 00 0 0 00 0 0 00 0 0 00 0 0 00 0 0 00 0 0 00 0 0 00 0 0 00 0 0 00 0 0 00 0 0 00 0 0 00 0 0 00 0 0 00 0 0 00 0 0 00 0 0 00 0 0 00 0 0 00 0 0 00 0 0 00 0 0 00 0 0 00 0 0 00 0 0 00 0 0 00 0 0 00 0 0 00 0 0 00 0 0 00 0 0 00 0 0 00 0 0 00 0 0 00 0 0 00 0 0 00 0 0 00 0 0 00 0 0 00 0 0 00 0 0 00 0 0 00 0 0 00 0 0 00 0 0 00 0 0 00 0 0 00 0 0 00 0 0 00 0 0 00 0 0 00 0 0 00 0 0 00 0 0 00 0 0 00 0 0 00 0 0 00 0 0 00 0 0 00 0 0 00 0 0 00 0 0 00 0 0 00 0 0 00 0 0 00 0 0 0
0 0 0 00 0 0 00 0 0 00 0 0 00 0 0 00 0 0 00 0 0 00 0 0 00 0 0 00 0 0 00 0 0 00 0 0 00 0 0 00 0 0 00 0 0 00 0 0 00 0 0 00 0 0 00 0 0 00 0 0 00 0 0 00 0 0 00 0 0 00 0 0 00 0 0 00 0 0 00 0 0 00 0 0 00 0 0 00 0 0 00 0 0 00 0 0 00 0 0 00 0 0 00 0 0 00 0 0 00 0 0 00 0 0 00 0 0 00 0 0 00 0 0 00 0 0 00 0 0 00 0 0 00 0 0 00 0 0 00 0 0 00 0 0 00 0 0 00 0 0 00 0 0 00 0 0 00 0 0 00 0 0 00 0 0 00 0 0 00 0 0 00 0 0 00 0 0 00 0 0 00 0 0 00 0 0 00 0 0 00 0 0 00 0 0 00 0 0 00 0 0 00 0 0 00 0 0 00 0 0 00 0 0 00 0 0 00 0 0 00 0 0 00 0 0 00 0 0 00 0 0 00 0 0 00 0 0 00 0 0 00 0 0 00 0 0 00 0 0 00 0 0 0
0 0 0 00 0 0 00 0 0 00 0 0 00 0 0 00 0 0 00 0 0 00 0 0 00 0 0 00 0 0 00 0 0 00 0 0 00 0 0 00 0 0 00 0 0 00 0 0 00 0 0 00 0 0 00 0 0 00 0 0 00 0 0 00 0 0 00 0 0 00 0 0 00 0 0 00 0 0 00 0 0 00 0 0 00 0 0 00 0 0 00 0 0 00 0 0 00 0 0 00 0 0 00 0 0 00 0 0 00 0 0 00 0 0 00 0 0 00 0 0 00 0 0 00 0 0 00 0 0 00 0 0 00 0 0 00 0 0 00 0 0 00 0 0 00 0 0 00 0 0 00 0 0 00 0 0 00 0 0 00 0 0 00 0 0 00 0 0 00 0 0 00 0 0 00 0 0 00 0 0 00 0 0 00 0 0 00 0 0 00 0 0 00 0 0 00 0 0 00 0 0 00 0 0 00 0 0 00 0 0 00 0 0 00 0 0 00 0 0 00 0 0 00 0 0 00 0 0 00 0 0 00 0 0 00 0 0 00 0 0 00 0 0 00 0 0 00 0 0 00 0 0 0
0 0 0 00 0 0 00 0 0 00 0 0 00 0 0 00 0 0 00 0 0 00 0 0 00 0 0 00 0 0 00 0 0 00 0 0 00 0 0 00 0 0 00 0 0 00 0 0 00 0 0 00 0 0 00 0 0 00 0 0 00 0 0 00 0 0 00 0 0 00 0 0 00 0 0 00 0 0 00 0 0 00 0 0 00 0 0 00 0 0 00 0 0 00 0 0 00 0 0 00 0 0 00 0 0 00 0 0 00 0 0 00 0 0 00 0 0 00 0 0 00 0 0 00 0 0 00 0 0 00 0 0 00 0 0 00 0 0 00 0 0 00 0 0 00 0 0 00 0 0 00 0 0 00 0 0 00 0 0 00 0 0 00 0 0 00 0 0 00 0 0 00 0 0 00 0 0 00 0 0 00 0 0 00 0 0 00 0 0 00 0 0 00 0 0 00 0 0 00 0 0 00 0 0 00 0 0 00 0 0 00 0 0 00 0 0 00 0 0 00 0 0 00 0 0 00 0 0 00 0 0 00 0 0 00 0 0 00 0 0 00 0 0 00 0 0 00 0 0 00 0 0 0
0 0 0 00 0 0 00 0 0 00 0 0 00 0 0 00 0 0 00 0 0 00 0 0 00 0 0 00 0 0 00 0 0 00 0 0 00 0 0 00 0 0 00 0 0 00 0 0 00 0 0 00 0 0 00 0 0 00 0 0 00 0 0 00 0 0 00 0 0 00 0 0 00 0 0 00 0 0 00 0 0 00 0 0 00 0 0 00 0 0 00 0 0 00 0 0 00 0 0 00 0 0 00 0 0 00 0 0 00 0 0 00 0 0 00 0 0 00 0 0 00 0 0 00 0 0 00 0 0 00 0 0 00 0 0 00 0 0 00 0 0 00 0 0 00 0 0 00 0 0 00 0 0 00 0 0 00 0 0 00 0 0 00 0 0 00 0 0 00 0 0 00 0 0 00 0 0 00 0 0 00 0 0 00 0 0 00 0 0 00 0 0 00 0 0 00 0 0 00 0 0 00 0 0 00 0 0 00 0 0 00 0 0 00 0 0 00 0 0 00 0 0 00 0 0 00 0 0 00 0 0 00 0 0 00 0 0 00 0 0 00 0 0 00 0 0 00 0 0 00 0 0 0
0 0 0 00 0 0 00 0 0 00 0 0 00 0 0 00 0 0 00 0 0 00 0 0 00 0 0 00 0 0 00 0 0 00 0 0 00 0 0 00 0 0 00 0 0 00 0 0 00 0 0 00 0 0 00 0 0 00 0 0 00 0 0 00 0 0 00 0 0 00 0 0 00 0 0 00 0 0 00 0 0 00 0 0 00 0 0 00 0 0 00 0 0 00 0 0 00 0 0 00 0 0 00 0 0 00 0 0 00 0 0 00 0 0 00 0 0 00 0 0 00 0 0 00 0 0 00 0 0 00 0 0 00 0 0 00 0 0 00 0 0 00 0 0 00 0 0 00 0 0 00 0 0 00 0 0 00 0 0 00 0 0 00 0 0 00 0 0 00 0 0 00 0 0 00 0 0 00 0 0 00 0 0 00 0 0 00 0 0 00 0 0 00 0 0 00 0 0 00 0 0 00 0 0 00 0 0 00 0 0 00 0 0 00 0 0 00 0 0 00 0 0 00 0 0 00 0 0 00 0 0 00 0 0 00 0 0 00 0 0 00 0 0 00 0 0 00 0 0 00 0 0 0
0 0 0 00 0 0 00 0 0 00 0 0 00 0 0 00 0 0 00 0 0 00 0 0 00 0 0 00 0 0 00 0 0 00 0 0 00 0 0 00 0 0 00 0 0 00 0 0 00 0 0 00 0 0 00 0 0 00 0 0 00 0 0 00 0 0 00 0 0 00 0 0 00 0 0 00 0 0 00 0 0 00 0 0 00 0 0 00 0 0 00 0 0 00 0 0 00 0 0 00 0 0 00 0 0 00 0 0 00 0 0 00 0 0 00 0 0 00 0 0 00 0 0 00 0 0 00 0 0 00 0 0 00 0 0 00 0 0 00 0 0 00 0 0 00 0 0 00 0 0 00 0 0 00 0 0 00 0 0 00 0 0 00 0 0 00 0 0 00 0 0 00 0 0 00 0 0 00 0 0 00 0 0 00 0 0 00 0 0 00 0 0 00 0 0 00 0 0 00 0 0 00 0 0 00 0 0 00 0 0 00 0 0 00 0 0 00 0 0 00 0 0 00 0 0 00 0 0 00 0 0 00 0 0 00 0 0 00 0 0 00 0 0 00 0 0 00 0 0 00 0 0 0
0 0 0 00 0 0 00 0 0 00 0 0 00 0 0 00 0 0 00 0 0 00 0 0 00 0 0 00 0 0 00 0 0 00 0 0 00 0 0 00 0 0 00 0 0 00 0 0 00 0 0 00 0 0 00 0 0 00 0 0 00 0 0 00 0 0 00 0 0 00 0 0 00 0 0 00 0 0 00 0 0 00 0 0 00 0 0 00 0 0 00 0 0 00 0 0 00 0 0 00 0 0 00 0 0 00 0 0 00 0 0 00 0 0 00 0 0 00 0 0 00 0 0 00 0 0 00 0 0 00 0 0 00 0 0 00 0 0 00 0 0 00 0 0 00 0 0 00 0 0 00 0 0 00 0 0 00 0 0 00 0 0 00 0 0 00 0 0 00 0 0 00 0 0 00 0 0 00 0 0 00 0 0 00 0 0 00 0 0 00 0 0 00 0 0 00 0 0 00 0 0 00 0 0 00 0 0 00 0 0 00 0 0 00 0 0 00 0 0 00 0 0 00 0 0 00 0 0 00 0 0 00 0 0 00 0 0 00 0 0 00 0 0 00 0 0 00 0 0 00 0 0 0
